Frame 1:
[1;
 0;
 0]
[1;
 0;
 0]
Frame 2:
[1;
 0;
 0]
[1;
 0;
 0]
Frame 3:
[1;
 0;
 0]
[1;
 0;
 0]
Frame 4:
[1;
 0;
 0]
[1;
 0;
 0]
Frame 5:
[1;
 0;
 0]
[1;
 0;
 0]
Frame 6:
[1;
 0;
 0]
[1;
 0;
 0]
Frame 7:
[1;
 0;
 0]
[1;
 0;
 0]
Frame 8:
[1;
 0;
 0]
[1;
 0;
 0]
Frame 9:
[1;
 0;
 0]
[1;
 0;
 0]
Frame 10:
[1;
 0;
 0]
[1;
 0;
 0]
Frame 11:
[1;
 0;
 0]
[1;
 0;
 0]
Frame 12:
[1;
 0;
 0]
[1;
 0;
 0]
Frame 13:
[1;
 0;
 0]
[1;
 0;
 0]
Frame 14:
[1;
 0;
 0]
[1;
 0;
 0]
Frame 15:
[1;
 0;
 0]
[1;
 0;
 0]
Frame 16:
[1;
 0;
 0]
[1;
 0;
 0]
Frame 17:
[1;
 0;
 0]
[1;
 0;
 0]
Frame 18:
[1;
 0;
 0]
[1;
 0;
 0]
Frame 19:
[1;
 0;
 0]
[1;
 0;
 0]
Frame 20:
[1;
 0;
 0]
[1;
 0;
 0]
Frame 21:
[1;
 0;
 0]
[1;
 0;
 0]
Frame 22:
[1;
 0;
 0]
[1;
 0;
 0]
Frame 23:
[1;
 0;
 0]
[1;
 0;
 0]
Frame 24:
[1;
 0;
 0]
[1;
 0;
 0]
Frame 25:
[1;
 0;
 0]
[1;
 0;
 0]
Frame 26:
[1;
 0;
 0]
[1;
 0;
 0]
Frame 27:
[1;
 0;
 0]
[1;
 0;
 0]
Frame 28:
[1;
 0;
 0]
[1;
 0;
 0]
Frame 29:
[1;
 0;
 0]
[1;
 0;
 0]
Frame 30:
[1;
 0;
 0]
[1;
 0;
 0]
Frame 31:
[1;
 0;
 0]
[1;
 0;
 0]
Frame 32:
[1;
 0;
 0]
[1;
 0;
 0]
Frame 33:
[1;
 0;
 0]
[1;
 0;
 0]
Frame 34:
[1;
 0;
 0]
[1;
 0;
 0]
Frame 35:
[1;
 0;
 0]
[1;
 0;
 0]
Frame 36:
[1;
 0;
 0]
[1;
 0;
 0]
Frame 37:
[1;
 0;
 0]
[1;
 0;
 0]
Frame 38:
[1;
 0;
 0]
[1;
 0;
 0]
Frame 39:
[1;
 0;
 0]
[1;
 0;
 0]
Frame 40:
[1;
 0;
 0]
[1;
 0;
 0]
Frame 41:
[1;
 0;
 0]
[1;
 0;
 0]
Frame 42:
[1;
 0;
 0]
[1;
 0;
 0]
Frame 43:
[0;
 0;
 0]
[0;
 0;
 0]
Frame 44:
[0;
 0;
 0]
[0;
 0;
 0]
Frame 45:
[0;
 0;
 0]
[0;
 0;
 0]
Frame 46:
[0;
 0;
 0]
[0;
 0;
 0]
Frame 47:
[0;
 0;
 0]
[0;
 0;
 0]
Frame 48:
[0;
 0;
 0]
[0;
 0;
 0]
Frame 49:
[0;
 0;
 0]
[0;
 0;
 0]
Frame 50:
[0;
 0;
 0]
[0;
 0;
 0]
Frame 51:
[0;
 0;
 0]
[0;
 0;
 0]
Frame 52:
[0;
 0;
 0]
[0;
 0;
 0]
Frame 53:
[0;
 0;
 0]
[0;
 0;
 0]
Frame 54:
[0;
 0;
 0]
[0;
 0;
 0]
Frame 55:
[0;
 0;
 0]
[0;
 0;
 0]
Frame 56:
[0;
 0;
 0]
[0;
 0;
 0]
Frame 57:
[0;
 0;
 0]
[0;
 0;
 0]
Frame 58:
[0;
 0;
 0]
[0;
 0;
 0]
Frame 59:
[0;
 0;
 0]
[0;
 0;
 0]
Frame 60:
[0;
 0;
 0]
[0;
 0;
 0]
Frame 61:
[0;
 0;
 0]
[0;
 0;
 0]
Frame 62:
[0;
 0;
 0]
[0;
 0;
 0]
Frame 63:
[0;
 0;
 0]
[0;
 0;
 0]
Frame 64:
[0;
 0;
 0]
[0;
 0;
 0]
Frame 65:
[0;
 0;
 0]
[0;
 0;
 0]
Frame 66:
[0;
 0;
 0]
[0;
 0;
 0]
Frame 67:
[0;
 0;
 0]
[0;
 0;
 0]
Frame 68:
[0;
 0;
 0]
[0;
 0;
 0]
Frame 69:
[0;
 0;
 0]
[0;
 0;
 0]
Frame 70:
[0;
 0;
 0]
[0;
 0;
 0]
Frame 71:
[0;
 0;
 0]
[0;
 0;
 0]
Frame 72:
[0;
 0;
 0]
[0;
 0;
 0]
Frame 73:
[0;
 0;
 0]
[0;
 0;
 0]
Frame 74:
[0;
 0;
 0]
[0;
 0;
 0]
Frame 75:
[0;
 0;
 0]
[0;
 0;
 0]
Frame 76:
[0;
 0;
 0]
[0;
 0;
 0]
Frame 77:
[0;
 0;
 0]
[0;
 0;
 0]
Frame 78:
[0;
 0;
 0]
[0;
 0;
 0]
Frame 79:
[0;
 0;
 0]
[0;
 0;
 0]
Frame 80:
[0;
 0;
 0]
[0;
 0;
 0]
Frame 81:
[0;
 0;
 0]
[0;
 0;
 0]
Frame 82:
[0;
 0;
 0]
[0;
 0;
 0]
Frame 83:
[0;
 0;
 0]
[0;
 0;
 0]
Frame 84:
[0;
 0;
 0]
[0;
 0;
 0]
Frame 85:
[0;
 0;
 0]
[0;
 0;
 0]
Frame 86:
[0;
 0;
 0]
[0;
 0;
 0]
Frame 87:
[0;
 0;
 0]
[0;
 0;
 0]
Frame 88:
[0;
 0;
 0]
[0;
 0;
 0]
Frame 89:
[0;
 0;
 0]
[0;
 0;
 0]
Frame 90:
[0;
 0;
 0]
[0;
 0;
 0]
Frame 91:
[0;
 0;
 0]
[0;
 0;
 0]
Frame 92:
[0;
 0;
 0]
[0;
 0;
 0]
Frame 93:
[0;
 0;
 0]
[0;
 0;
 0]
Frame 94:
[0;
 0;
 0]
[0;
 0;
 0]
Frame 95:
[0;
 0;
 0]
[0;
 0;
 0]
Frame 96:
[0;
 0;
 0]
[0;
 0;
 0]
Frame 97:
[0;
 0;
 0]
[0;
 0;
 0]
Frame 98:
[0;
 0;
 0]
[0;
 0;
 0]
Frame 99:
[0;
 0;
 0]
[0;
 0;
 0]
Frame 100:
[0;
 0;
 0]
[0;
 0;
 0]
Frame 101:
[0;
 0;
 0]
[0;
 0;
 0]
Frame 102:
[0;
 0;
 0]
[0;
 0;
 0]
Frame 103:
[0;
 0;
 0]
[0;
 0;
 0]
Frame 104:
[0;
 0;
 0]
[0;
 0;
 0]
Frame 105:
[0;
 0;
 0]
[0;
 0;
 0]
Frame 106:
[0;
 0;
 0]
[0;
 0;
 0]
Frame 107:
[0;
 0;
 0]
[0;
 0;
 0]
Frame 108:
[0;
 0;
 0]
[0;
 0;
 0]
Frame 109:
[0;
 0;
 0]
[0;
 0;
 0]
Frame 110:
[0;
 0;
 0]
[0;
 0;
 0]
Frame 111:
[0;
 0;
 0]
[0;
 0;
 0]
Frame 112:
[0;
 0;
 0]
[0;
 0;
 0]
Frame 113:
[0;
 0;
 0]
[0;
 0;
 0]
Frame 114:
[0;
 0;
 0]
[0;
 0;
 0]
Frame 115:
[0;
 0;
 0]
[0;
 0;
 0]
Frame 116:
[0;
 0;
 0]
[0;
 0;
 0]
Frame 117:
[0;
 0;
 0]
[0;
 0;
 0]
Frame 118:
[0;
 0;
 0]
[0;
 0;
 0]
Frame 119:
[0;
 0;
 0]
[0;
 0;
 0]
Frame 120:
[0;
 0;
 0]
[0;
 0;
 0]
Frame 121:
[0;
 0;
 0]
[0;
 0;
 0]
Frame 122:
[0;
 0;
 0]
[0;
 0;
 0]
Frame 123:
[0;
 0;
 0]
[0;
 0;
 0]
Frame 124:
[0;
 0;
 0]
[0;
 0;
 0]
Frame 125:
[0;
 0;
 0]
[0;
 0;
 0]
Frame 126:
[0;
 0;
 0]
[0;
 0;
 0]
Frame 127:
[0;
 0;
 0]
[0;
 0;
 0]
Frame 128:
[0;
 0;
 0]
[0;
 0;
 0]
Frame 129:
[-0.06971282805881837;
 0.2950264858421824;
 -0.02062645476141424]
[-0.9530670038560776;
 -0.2705539833354066;
 0.1358816700741643]
Frame 130:
[-0.06971282805881837;
 0.2950264858421824;
 -0.02062645476141424]
[-0.9530670038560776;
 -0.2705539833354066;
 0.1358816700741643]
Frame 131:
[-0.06971282805881837;
 0.2950264858421824;
 -0.02062645476141424]
[-0.9530670038560776;
 -0.2705539833354066;
 0.1358816700741643]
Frame 132:
[-0.06971282805881837;
 0.2950264858421824;
 -0.02062645476141424]
[-0.9530670038560776;
 -0.2705539833354066;
 0.1358816700741643]
Frame 133:
[-0.06971282805881837;
 0.2950264858421824;
 -0.02062645476141424]
[-0.9530670038560776;
 -0.2705539833354066;
 0.1358816700741643]
Frame 134:
[-0.06971282805881837;
 0.2950264858421824;
 -0.02062645476141424]
[-0.9530670038560776;
 -0.2705539833354066;
 0.1358816700741643]
Frame 135:
[-0.06971282805881837;
 0.2950264858421824;
 -0.02062645476141424]
[-0.9530670038560776;
 -0.2705539833354066;
 0.1358816700741643]
Frame 136:
[-0.06971282805881837;
 0.2950264858421824;
 -0.02062645476141424]
[-0.9530670038560776;
 -0.2705539833354066;
 0.1358816700741643]
Frame 137:
[-0.06971282805881837;
 0.2950264858421824;
 -0.02062645476141424]
[-0.9530670038560776;
 -0.2705539833354066;
 0.1358816700741643]
Frame 138:
[-0.06971282805881837;
 0.2950264858421824;
 -0.02062645476141424]
[-0.9530670038560776;
 -0.2705539833354066;
 0.1358816700741643]
Frame 139:
[-0.06971282805881837;
 0.2950264858421824;
 -0.02062645476141424]
[-0.9530670038560776;
 -0.2705539833354066;
 0.1358816700741643]
Frame 140:
[-0.06971282805881837;
 0.2950264858421824;
 -0.02062645476141424]
[-0.9530670038560776;
 -0.2705539833354066;
 0.1358816700741643]
Frame 141:
[-0.02967673219966854;
 0.3461849974474409;
 -0.00103277639145761]
[-0.9694520877552614;
 -0.2222485143884511;
 0.1037701662285042]
Frame 142:
[-0.02967673219966854;
 0.3461849974474409;
 -0.00103277639145761]
[-0.9694520877552614;
 -0.2222485143884511;
 0.1037701662285042]
Frame 143:
[-0.02967673219966854;
 0.3461849974474409;
 -0.00103277639145761]
[-0.9694520877552614;
 -0.2222485143884511;
 0.1037701662285042]
Frame 144:
[-0.02967673219966854;
 0.3461849974474409;
 -0.00103277639145761]
[-0.9694520877552614;
 -0.2222485143884511;
 0.1037701662285042]
Frame 145:
[-0.02967673219966854;
 0.3461849974474409;
 -0.00103277639145761]
[-0.9694520877552614;
 -0.2222485143884511;
 0.1037701662285042]
Frame 146:
[-0.02967673219966854;
 0.3461849974474409;
 -0.00103277639145761]
[-0.9694520877552614;
 -0.2222485143884511;
 0.1037701662285042]
Frame 147:
[-0.02967673219966854;
 0.3461849974474409;
 -0.00103277639145761]
[-0.9694520877552614;
 -0.2222485143884511;
 0.1037701662285042]
Frame 148:
[-0.02967673219966854;
 0.3461849974474409;
 -0.00103277639145761]
[-0.9694520877552614;
 -0.2222485143884511;
 0.1037701662285042]
Frame 149:
[-0.02967673219966854;
 0.3461849974474409;
 -0.00103277639145761]
[-0.9694520877552614;
 -0.2222485143884511;
 0.1037701662285042]
Frame 150:
[-0.02967673219966854;
 0.3461849974474409;
 -0.00103277639145761]
[-0.9694520877552614;
 -0.2222485143884511;
 0.1037701662285042]
Frame 151:
[-0.04747530806287406;
 0.3662317887482847;
 -0.01219815305965768]
[-0.9646096381475027;
 -0.234754685675683;
 0.1200769900782632]
Frame 152:
[-0.04747530806287406;
 0.3662317887482847;
 -0.01219815305965768]
[-0.9646096381475027;
 -0.234754685675683;
 0.1200769900782632]
Frame 153:
[-0.04747530806287406;
 0.3662317887482847;
 -0.01219815305965768]
[-0.9646096381475027;
 -0.234754685675683;
 0.1200769900782632]
Frame 154:
[-0.04747530806287406;
 0.3662317887482847;
 -0.01219815305965768]
[-0.9646096381475027;
 -0.234754685675683;
 0.1200769900782632]
Frame 155:
[-0.04747530806287406;
 0.3662317887482847;
 -0.01219815305965768]
[-0.9646096381475027;
 -0.234754685675683;
 0.1200769900782632]
Frame 156:
[-0.04747530806287406;
 0.3662317887482847;
 -0.01219815305965768]
[-0.9646096381475027;
 -0.234754685675683;
 0.1200769900782632]
Frame 157:
[-0.04747530806287406;
 0.3662317887482847;
 -0.01219815305965768]
[-0.9646096381475027;
 -0.234754685675683;
 0.1200769900782632]
Frame 158:
[-0.04747530806287406;
 0.3662317887482847;
 -0.01219815305965768]
[-0.9646096381475027;
 -0.234754685675683;
 0.1200769900782632]
Frame 159:
[-0.04747530806287406;
 0.3662317887482847;
 -0.01219815305965768]
[-0.9646096381475027;
 -0.234754685675683;
 0.1200769900782632]
Frame 160:
[-0.04747530806287406;
 0.3662317887482847;
 -0.01219815305965768]
[-0.9646096381475027;
 -0.234754685675683;
 0.1200769900782632]
Frame 161:
[-0.004922006969681889;
 0.3157786958444931;
 -0.01534714081052871]
[-0.9804828602260403;
 -0.1848287032394524;
 0.06702023024270859]
Frame 162:
[-0.004922006969681889;
 0.3157786958444931;
 -0.01534714081052871]
[-0.9804828602260403;
 -0.1848287032394524;
 0.06702023024270859]
Frame 163:
[-0.004922006969681889;
 0.3157786958444931;
 -0.01534714081052871]
[-0.9804828602260403;
 -0.1848287032394524;
 0.06702023024270859]
Frame 164:
[-0.004922006969681889;
 0.3157786958444931;
 -0.01534714081052871]
[-0.9804828602260403;
 -0.1848287032394524;
 0.06702023024270859]
Frame 165:
[-0.004922006969681889;
 0.3157786958444931;
 -0.01534714081052871]
[-0.9804828602260403;
 -0.1848287032394524;
 0.06702023024270859]
Frame 166:
[-0.004922006969681889;
 0.3157786958444931;
 -0.01534714081052871]
[-0.9804828602260403;
 -0.1848287032394524;
 0.06702023024270859]
Frame 167:
[-0.004922006969681889;
 0.3157786958444931;
 -0.01534714081052871]
[-0.9804828602260403;
 -0.1848287032394524;
 0.06702023024270859]
Frame 168:
[-0.004922006969681889;
 0.3157786958444931;
 -0.01534714081052871]
[-0.9804828602260403;
 -0.1848287032394524;
 0.06702023024270859]
Frame 169:
[-0.004922006969681889;
 0.3157786958444931;
 -0.01534714081052871]
[-0.9804828602260403;
 -0.1848287032394524;
 0.06702023024270859]
Frame 170:
[0.008433635094239186;
 0.2804250671463151;
 -0.001111445710060693]
[-0.9805880462624921;
 -0.1903982657618462;
 0.04685705840095189]
Frame 171:
[0.008433635094239186;
 0.2804250671463151;
 -0.001111445710060693]
[-0.9805880462624921;
 -0.1903982657618462;
 0.04685705840095189]
Frame 172:
[0.008433635094239186;
 0.2804250671463151;
 -0.001111445710060693]
[-0.9805880462624921;
 -0.1903982657618462;
 0.04685705840095189]
Frame 173:
[0.008433635094239186;
 0.2804250671463151;
 -0.001111445710060693]
[-0.9805880462624921;
 -0.1903982657618462;
 0.04685705840095189]
Frame 174:
[0.008433635094239186;
 0.2804250671463151;
 -0.001111445710060693]
[-0.9805880462624921;
 -0.1903982657618462;
 0.04685705840095189]
Frame 175:
[0.008433635094239186;
 0.2804250671463151;
 -0.001111445710060693]
[-0.9805880462624921;
 -0.1903982657618462;
 0.04685705840095189]
Frame 176:
[0.008433635094239186;
 0.2804250671463151;
 -0.001111445710060693]
[-0.9805880462624921;
 -0.1903982657618462;
 0.04685705840095189]
Frame 177:
[0.008433635094239186;
 0.2804250671463151;
 -0.001111445710060693]
[-0.9805880462624921;
 -0.1903982657618462;
 0.04685705840095189]
Frame 178:
[-0.01478655206984023;
 0.3183844331100341;
 0.01494643085535609]
[-0.9580432743388704;
 -0.2643866321130101;
 0.1106923360219483]
Frame 179:
[-0.01478655206984023;
 0.3183844331100341;
 0.01494643085535609]
[-0.9580432743388704;
 -0.2643866321130101;
 0.1106923360219483]
Frame 180:
[-0.01478655206984023;
 0.3183844331100341;
 0.01494643085535609]
[-0.9580432743388704;
 -0.2643866321130101;
 0.1106923360219483]
Frame 181:
[-0.01478655206984023;
 0.3183844331100341;
 0.01494643085535609]
[-0.9580432743388704;
 -0.2643866321130101;
 0.1106923360219483]
Frame 182:
[-0.01478655206984023;
 0.3183844331100341;
 0.01494643085535609]
[-0.9580432743388704;
 -0.2643866321130101;
 0.1106923360219483]
Frame 183:
[-0.01478655206984023;
 0.3183844331100341;
 0.01494643085535609]
[-0.9580432743388704;
 -0.2643866321130101;
 0.1106923360219483]
Frame 184:
[-0.01478655206984023;
 0.3183844331100341;
 0.01494643085535609]
[-0.9580432743388704;
 -0.2643866321130101;
 0.1106923360219483]
Frame 185:
[-0.01478655206984023;
 0.3183844331100341;
 0.01494643085535609]
[-0.9580432743388704;
 -0.2643866321130101;
 0.1106923360219483]
Frame 186:
[-0.01478655206984023;
 0.3183844331100341;
 0.01494643085535609]
[-0.9580432743388704;
 -0.2643866321130101;
 0.1106923360219483]
Frame 187:
[-0.006458560932508031;
 0.2292750980018858;
 0.03672163834820281]
[-0.9587837406327597;
 -0.2751226196918211;
 0.07100199174785582]
Frame 188:
[-0.006458560932508031;
 0.2292750980018858;
 0.03672163834820281]
[-0.9587837406327597;
 -0.2751226196918211;
 0.07100199174785582]
Frame 189:
[-0.006458560932508031;
 0.2292750980018858;
 0.03672163834820281]
[-0.9587837406327597;
 -0.2751226196918211;
 0.07100199174785582]
Frame 190:
[-0.006458560932508031;
 0.2292750980018858;
 0.03672163834820281]
[-0.9587837406327597;
 -0.2751226196918211;
 0.07100199174785582]
Frame 191:
[-0.006458560932508031;
 0.2292750980018858;
 0.03672163834820281]
[-0.9587837406327597;
 -0.2751226196918211;
 0.07100199174785582]
Frame 192:
[-0.006458560932508031;
 0.2292750980018858;
 0.03672163834820281]
[-0.9587837406327597;
 -0.2751226196918211;
 0.07100199174785582]
Frame 193:
[-0.006458560932508031;
 0.2292750980018858;
 0.03672163834820281]
[-0.9587837406327597;
 -0.2751226196918211;
 0.07100199174785582]
Frame 194:
[-0.006458560932508031;
 0.2292750980018858;
 0.03672163834820281]
[-0.9587837406327597;
 -0.2751226196918211;
 0.07100199174785582]
Frame 195:
[-0.006458560932508031;
 0.2292750980018858;
 0.03672163834820281]
[-0.9587837406327597;
 -0.2751226196918211;
 0.07100199174785582]
Frame 196:
[-0.006458560932508031;
 0.2292750980018858;
 0.03672163834820281]
[-0.9587837406327597;
 -0.2751226196918211;
 0.07100199174785582]
Frame 197:
[-0.03145518931070514;
 0.15983990062752;
 0.02919747691197225]
[-0.8766653827011154;
 -0.3973278455602511;
 0.08529186235308832]
Frame 198:
[-0.03000199937621462;
 0.1618105536597023;
 0.02834313895044941]
[-0.8651998021841519;
 -0.3938718856654365;
 0.08429949521330174]
Frame 199:
[-0.03441325619158694;
 0.1676520108220648;
 0.0215679683473106]
[-0.8353506846444622;
 -0.4141523602419662;
 0.07671715609405151]
Frame 200:
[-0.02648402922702681;
 0.1636076015646468;
 0.01961620972638927]
[-0.8065039132338064;
 -0.4056652985151685;
 0.0608409155133203]
Frame 201:
[-0.02625184175093864;
 0.1654678105895442;
 0.01679313398680777]
[-0.8074839645564935;
 -0.4187701124788845;
 0.05284715721493186]
Frame 202:
[-0.0226313404837312;
 0.1648822949809527;
 0.01403437539591818]
[-0.8090681059667414;
 -0.4105743203467282;
 0.04557253804398907]
Frame 203:
[-0.02442522995905182;
 0.16527827945736;
 0.01458192133386549]
[-0.7928254731984125;
 -0.4195556314191426;
 0.03918996203313831]
Frame 204:
[-0.02722824394903867;
 0.1656222555173281;
 0.01569030045566569]
[-0.7794093777266415;
 -0.4266627701321474;
 0.0311861838324589]
Frame 205:
[-0.02901638207156788;
 0.1684447171511111;
 0.01450658670463045]
[-0.7777858246307148;
 -0.4270282737659943;
 0.03246712100968504]
Frame 206:
[-0.03286380275376131;
 0.173014421581285;
 0.01922972105114746]
[-0.772060885387157;
 -0.4342315336099613;
 0.03518208579746378]
Frame 207:
[-0.03753806775779335;
 0.1745018242259941;
 0.01852236676039615]
[-0.7636648418255495;
 -0.4217094908779854;
 0.04874096509815327]
Frame 208:
[-0.03060630397997467;
 0.1759308195978184;
 0.0119783497667202]
[-0.7385232875081452;
 -0.4128115050377823;
 0.05053304917612199]
Frame 209:
[-0.02559862082016355;
 0.1801444111248617;
 0.009316112514759944]
[-0.7068396625176242;
 -0.4331490088426637;
 0.04186095664221642]
Frame 210:
[-0.02381894938506757;
 0.1857123385903229;
 0.001835260734522091]
[-0.694294677540697;
 -0.4508159190403018;
 0.03671737000012761]
Frame 211:
[-0.03704312312752377;
 0.2106887696026198;
 0.01014430679088319]
[-0.7039977525942528;
 -0.477891693213476;
 0.06235770442965448]
Frame 212:
[-0.05276813040523061;
 0.2085836526916901;
 0.01420339669367885]
[-0.6818150463874316;
 -0.4832435465834728;
 0.07658551007197009]
Frame 213:
[-0.04885310996339029;
 0.1997849235335182;
 0.01366107530017429]
[-0.6629407890675044;
 -0.4547262649810914;
 0.0763407431431901]
Frame 214:
[-0.06183864757790931;
 0.2115154283353237;
 0.01203217198384963]
[-0.6872896450385778;
 -0.4797866682266226;
 0.1066508555745936]
Frame 215:
[-0.07200255521866526;
 0.2233437674838857;
 0.01856036855849868]
[-0.6767135250134617;
 -0.4928003834085979;
 0.1256161697247847]
Frame 216:
[-0.07850948947554824;
 0.2380567598018566;
 0.01983969273144502]
[-0.6368548102387908;
 -0.5139023691464003;
 0.1473014063623367]
Frame 217:
[-0.08783592873258333;
 0.2405650581303483;
 0.02293275303247805]
[-0.6343058357702362;
 -0.5287627192406745;
 0.1582963231061643]
Frame 218:
[-0.08134305919814816;
 0.2486510893464349;
 0.02496283440985033]
[-0.6215110584107308;
 -0.5105215733126035;
 0.167812182919806]
Frame 219:
[-0.07518730595242969;
 0.2358192929940532;
 0.02572085487005115]
[-0.5972657415865477;
 -0.5107038001099538;
 0.1589273083352551]
Frame 220:
[-0.06272577000675202;
 0.2163817847387106;
 0.0263933725030507]
[-0.6092230469057623;
 -0.5190349244931335;
 0.124191607133232]
Frame 221:
[-0.05989930647431006;
 0.200832670780511;
 0.02288076397503037]
[-0.6482768247318859;
 -0.5144741866201218;
 0.1072481301868756]
Frame 222:
[-0.04791404448582302;
 0.1945420764875907;
 0.01840266233762613]
[-0.7001696672952351;
 -0.4794509657520389;
 0.09489916752386804]
Frame 223:
[-0.04754344221046513;
 0.1879086273945946;
 0.01669272636867216]
[-0.7321249489692514;
 -0.4939296837387541;
 0.08591932590728085]
Frame 224:
[-0.03820265571666609;
 0.1835732644937574;
 0.01194830985100219]
[-0.7725482519202588;
 -0.4764226019529132;
 0.0720383742071679]
Frame 225:
[-0.03134816880701626;
 0.1780506430575188;
 0.007452460690579764]
[-0.7974535536210212;
 -0.4692401314691763;
 0.05828017557080858]
Frame 226:
[-0.02142447926342232;
 0.1716415037221795;
 0.005097668753233996]
[-0.8052855421430002;
 -0.4482628625708486;
 0.04233460012000454]
Frame 227:
[-0.02423205949830906;
 0.159520844133258;
 0.002386207426435353]
[-0.8323034274778103;
 -0.4713405009463402;
 0.02822361344155692]
Frame 228:
[-0.01514942721189134;
 0.152589450303437;
 -0.001563204634878925]
[-0.8715039300385854;
 -0.4493974858004466;
 0.01454392173412056]
Frame 229:
[-0.01064630648615758;
 0.1479212726841601;
 -0.006012928677294227]
[-0.9059332466946787;
 -0.4414924838748124;
 0.006354032378420094]
Frame 230:
[-0.003929234320427322;
 0.1498078698016353;
 -0.006545928618981805]
[-0.9328659873229238;
 -0.4378758744531179;
 -0.0002817300534829394]
Frame 231:
[-0.005001689394351768;
 0.1482062715261974;
 -0.0110566909672848]
[-0.9581523493260166;
 -0.4413045248139884;
 -0.01030183853607335]
Frame 232:
[-0.01260000121259449;
 0.1475760125612361;
 -0.01377401325453223]
[-0.9753958668727786;
 -0.4600876537515937;
 -0.01651124660864113]
Frame 233:
[-0.008416900933196657;
 0.1468555295454714;
 -0.0251283247111597]
[-1.005275794727689;
 -0.4305561109692324;
 -0.02752599497057228]
Frame 234:
[-0.006807647588935238;
 0.1502241189943559;
 -0.02680260125744484]
[-1.018647571484043;
 -0.4305084269167515;
 -0.03472326317209996]
Frame 235:
[-0.01399913615235589;
 0.1519121000023694;
 -0.02457880863914984]
[-1.037457560295363;
 -0.4361764918562007;
 -0.04105733553807441]
Frame 236:
[-0.01051114745207524;
 0.148147399015395;
 -0.023525928531752]
[-1.053689660516054;
 -0.4153331155735158;
 -0.05069302296385572]
Frame 237:
[-0.006533574414790292;
 0.1320993550787316;
 -0.01835657600510376]
[-1.048225162052106;
 -0.4268536952412205;
 -0.06654805694268541]
Frame 238:
[0.00894254427712347;
 0.1298242121688914;
 -0.01936341424410776]
[-1.075840402154537;
 -0.4051733391995235;
 -0.08129764564494055]
Frame 239:
[-0.001052043223859995;
 0.1358370687310985;
 -0.01765513223670834]
[-1.089186117729083;
 -0.4575333182758888;
 -0.08108313536634977]
Frame 240:
[0.003164281060479246;
 0.1350069801534781;
 -0.01279937316827988]
[-1.089672798723452;
 -0.4252916945324568;
 -0.09430827101767777]
Frame 241:
[-0.002645936312666857;
 0.1295019895195951;
 -0.01053757460905118]
[-1.102533737229258;
 -0.4382954465563589;
 -0.09706850624684929]
Frame 242:
[0.004671484759874428;
 0.1208617504777117;
 -0.01029954591506808]
[-1.109367198877261;
 -0.4131931966295229;
 -0.1054141401678019]
Frame 243:
[0.0061383270411385;
 0.1229487202645604;
 -0.01179246904802279]
[-1.122040369908222;
 -0.4251464843971132;
 -0.1128900444586254]
Frame 244:
[0.01120343907812585;
 0.1204425548861119;
 -0.01295227682471462]
[-1.116622041873868;
 -0.4216541258096402;
 -0.1235988924272999]
Frame 245:
[0.01055174069511658;
 0.1158435167907304;
 -0.01149502087065013]
[-1.127453600808663;
 -0.4367609157177331;
 -0.1243650366114465]
Frame 246:
[0.02175481527410344;
 0.1053823774344566;
 -0.01624213390596385]
[-1.130981828833193;
 -0.415725922788178;
 -0.1464355663597539]
Frame 247:
[0.01618955066648132;
 0.1051315599546909;
 -0.01749496007433104]
[-1.162834992877745;
 -0.4451944464273619;
 -0.1499422280515781]
Frame 248:
[0.0111281062768343;
 0.1103109060978345;
 -0.01816162362855963]
[-1.217989047303387;
 -0.4553995367849889;
 -0.1536159319033781]
Frame 249:
[0.003350993545114376;
 0.08670404918225806;
 -0.01479186085949126]
[-1.182565209652203;
 -0.4847113976375681;
 -0.1577274365636473]
Frame 250:
[-0.007457502094856059;
 0.06739356142365267;
 -0.01118342458767395]
[-1.192238632487082;
 -0.5177978023491832;
 -0.1518393887817487]
Frame 251:
[-0.01084249874770706;
 0.05956905866290446;
 -0.01542826433656789]
[-1.249812889474578;
 -0.5136682855826222;
 -0.1524705557955212]
Frame 252:
[0.0009054070478419394;
 0.05682179630120933;
 -0.01473126035544047]
[-1.24823044183309;
 -0.4619385908882713;
 -0.163736308956844]
Frame 253:
[0.005788121848750456;
 0.05438037491573286;
 -0.01457427738596297]
[-1.25118990228621;
 -0.4467013085841226;
 -0.1625032339343888]
Frame 254:
[-0.003767542083290462;
 0.05695619243180295;
 -0.01671665355462888]
[-1.297759453870299;
 -0.4900391234431112;
 -0.1528308152507296]
Frame 255:
[0.01433559752325069;
 0.06222280426590088;
 -0.0202614459645478]
[-1.339026455554078;
 -0.4343934394453497;
 -0.162556504865418]
Frame 256:
[0.01095005636620565;
 0.05903282246299419;
 -0.0198299364666992]
[-1.348817559999742;
 -0.462327635085474;
 -0.1641094491413191]
Frame 257:
[0.01206372950285119;
 0.05792698746390512;
 -0.02070059278117222]
[-1.367244613119408;
 -0.4623847067025342;
 -0.1590620495523946]
Frame 258:
[0.008686853710862258;
 0.05648782688222591;
 -0.02119957469459881]
[-1.395800915800816;
 -0.4828082631457754;
 -0.1518242652759582]
Frame 259:
[0.0209224357273899;
 0.05513966872588107;
 -0.01977996261611836]
[-1.412101930809814;
 -0.4683956442965826;
 -0.1539600472705185]
Frame 260:
[0.01928544579101292;
 0.05713709124112681;
 -0.01681401095495823]
[-1.418848332748759;
 -0.4876164804771278;
 -0.1539412494644369]
Frame 261:
[0.01601979150579289;
 0.05763590768470418;
 -0.0165439624267118]
[-1.435127728554726;
 -0.4837788517263086;
 -0.1472596567419643]
Frame 262:
[0.009540981736004987;
 0.04207407710627634;
 -0.01615442056871719]
[-1.445892787038773;
 -0.5036732664236926;
 -0.1356307614534326]
Frame 263:
[0.004823551967727502;
 0.04150580147427604;
 -0.01934371049708049]
[-1.459593493048284;
 -0.4935316668654696;
 -0.1028884799290177]
Frame 264:
[0.01197837852687756;
 0.08534994055082676;
 -0.02304694786390233]
[-1.628802178634754;
 -0.4457483665003491;
 -0.0836789962309011]
Frame 265:
[0.008639756714253474;
 0.08138923540113516;
 -0.02367084389823953]
[-1.640455554544693;
 -0.4561996667723345;
 -0.07484393448157188]
Frame 266:
[0.009881808470644996;
 0.08174115121984871;
 -0.02733077629421897]
[-1.647571845973834;
 -0.4347898245082069;
 -0.05919925956956913]
Frame 267:
[0.008030968508523773;
 0.08361315805294661;
 -0.02657510979708412]
[-1.638985518466778;
 -0.4294400788558923;
 -0.0278144759453134]
Frame 268:
[0.01356586494623981;
 0.08431428434328474;
 -0.02902070697353971]
[-1.637971516258041;
 -0.4043578093547071;
 -0.01687694160029396]
Frame 269:
[0.02434183064896023;
 0.09411155161422771;
 -0.0319468605694565]
[-1.629638952343655;
 -0.4177879446321532;
 -0.01750177567038786]
Frame 270:
[0.02058718760272322;
 0.09955447440622926;
 -0.0310338819432954]
[-1.613294108222028;
 -0.3879753103853414;
 -0.004180645179027696]
Frame 271:
[0.02805408923334847;
 0.1058593440421744;
 -0.03088016572502642]
[-1.591535605091143;
 -0.3618062252259372;
 0.01660495787845164]
Frame 272:
[0.03836384938873868;
 0.1099151869494092;
 -0.02734797351636557]
[-1.567044407034349;
 -0.3534881520333175;
 0.02241081669031071]
Frame 273:
[0.02981477776891286;
 0.1087866384750789;
 -0.02267344935777375]
[-1.546181665138307;
 -0.3683164188908226;
 0.03686181555136806]
Frame 274:
[0.03101985888867471;
 0.109983082179769;
 -0.02083331866020813]
[-1.527770449584167;
 -0.3198888845020892;
 0.05302570690968057]
Frame 275:
[0.03068675637808562;
 0.1127087889882555;
 -0.01759929531785869]
[-1.497029615221606;
 -0.3024608535478926;
 0.06921141573352446]
Frame 276:
[0.0222688512817826;
 0.1094885447093277;
 -0.0159521415759101]
[-1.464154124958088;
 -0.3106038724961042;
 0.0827760136345274]
Frame 277:
[0.02600858422782432;
 0.1087827696526736;
 -0.01225483708743055]
[-1.447835314114625;
 -0.2889663370885799;
 0.09720190535510427]
Frame 278:
[0.02421695462964503;
 0.1045471852070782;
 -0.01032336564473997]
[-1.424218270316946;
 -0.3024106828176366;
 0.1034477390433282]
Frame 279:
[0.02488252944649061;
 0.1034149794527208;
 -0.008615904204832332]
[-1.408204559517865;
 -0.2983445478241025;
 0.1090686301002578]
Frame 280:
[0.02248068357294971;
 0.1041225601161076;
 -0.007434030404452527]
[-1.379036258490443;
 -0.3054656296297177;
 0.1156832194306391]
Frame 281:
[0.02938601170617574;
 0.1144525361931644;
 -0.005179573214632709]
[-1.385236652987513;
 -0.2823781804045375;
 0.1288859131416304]
Frame 282:
[0.03143836002472177;
 0.1165410659524786;
 -0.004761717687703614]
[-1.360900878942981;
 -0.2929738587103424;
 0.1395986753855761]
Frame 283:
[0.03099838265440091;
 0.1180837729024863;
 -0.004264338100206672]
[-1.328362890922109;
 -0.298354161677361;
 0.1461024094988128]
Frame 284:
[0.02811177299907017;
 0.1179985788591125;
 0.0005204085091812041]
[-1.264280808967466;
 -0.3173014970317012;
 0.1571824066684206]
Frame 285:
[0.02040980199319159;
 0.1188904689391027;
 -0.00104909046484324]
[-1.228588468871411;
 -0.3448095364977675;
 0.171759605025696]
Frame 286:
[0.02924276804192316;
 0.1267986434772744;
 -0.002174569839680422]
[-1.229809058996683;
 -0.3160818530659613;
 0.1762897300979284]
Frame 287:
[0.02589917446479355;
 0.1263606919582572;
 -0.003142930032139091]
[-1.208099778966426;
 -0.3452679260551498;
 0.1805658134559387]
Frame 288:
[0.02045988945718595;
 0.1243217538145928;
 -0.005908391596996673]
[-1.153254735071637;
 -0.379092770394068;
 0.1863735870296954]
Frame 289:
[0.01844737582560498;
 0.1393765876942641;
 -0.006511100281281067]
[-1.163560961686952;
 -0.3854926127177032;
 0.2066208234212599]
Frame 290:
[0.02092797179170711;
 0.143971605511249;
 -0.01387350853054514]
[-1.150713599388148;
 -0.376402675053615;
 0.2156993397111535]
Frame 291:
[0.02101331559105501;
 0.1486545156539572;
 -0.01475429066253659]
[-1.135327318745492;
 -0.3972489394110085;
 0.216614954071243]
Frame 292:
[0.02070683689139098;
 0.1529389644370994;
 -0.0141302347155859]
[-1.106524512252556;
 -0.3973374204469184;
 0.2217539518724716]
Frame 293:
[0.009054207596424311;
 0.1454467245939955;
 -0.01408542900615456]
[-1.00204294042358;
 -0.4640850809874879;
 0.2505340267733358]
Frame 294:
[0.02556266846926672;
 0.1721008237259567;
 -0.01486501661508583]
[-1.085589923762587;
 -0.4018691490855254;
 0.2263403026290268]
Frame 295:
[0.0302685286606313;
 0.1783039463359442;
 -0.01598919271704673]
[-1.087857864166596;
 -0.377062358515334;
 0.2130598054503318]
Frame 296:
[0.02903968642022845;
 0.1850173722489371;
 -0.01421933003192711]
[-1.053537363205698;
 -0.3809883373280523;
 0.2212070257415953]
Frame 297:
[0.02864177614106175;
 0.1886171136334059;
 -0.01033574859774125]
[-1.03840491463782;
 -0.3951802688740088;
 0.2204459133287969]
Frame 298:
[0.02927481036002143;
 0.1892194920785825;
 -0.009205599940781019]
[-1.022582590503147;
 -0.39917329547511;
 0.2208064590161989]
Frame 299:
[0.02774768424392725;
 0.1892244569042983;
 -0.005941969044643304]
[-1.005294147563335;
 -0.4120345096960564;
 0.2190715699307138]
Frame 300:
[0.02934626175554554;
 0.1890244266667548;
 -0.002001740618947371]
[-0.9954672068269103;
 -0.4264197096551837;
 0.2102613563533186]
Frame 301:
[0.03158239124433306;
 0.1937471529694509;
 0.001125628645328311]
[-0.9830595140477576;
 -0.4348871160211075;
 0.1948361441356553]
Frame 302:
[0.0271069306697282;
 0.1920170459321312;
 0.002002968234617351]
[-0.9717582143883219;
 -0.4390376842230777;
 0.181950033751925]
Frame 303:
[0.02431627451248127;
 0.1822588498783791;
 0.002784746242608924]
[-0.9815832195988333;
 -0.4499105911823594;
 0.1465229219460886]
Frame 304:
[0.02735371254712334;
 0.1763771994012699;
 0.000904113455752401]
[-0.9862717429465779;
 -0.4285069665430886;
 0.0980034520389602]
Frame 305:
[0.0261759455861406;
 0.1812893551012452;
 0.001438457514728145]
[-0.9786223272275781;
 -0.4124302026068822;
 0.0776265883075007]
Frame 306:
[0.02574597683512531;
 0.1807466294772024;
 0.005515574230246342]
[-0.9480866599283024;
 -0.4115645371364844;
 0.05541635086022199]
Frame 307:
[0.02465351707360495;
 0.183268047364258;
 0.009722389778521648]
[-0.9329020949885354;
 -0.429068404610799;
 0.04037792904607849]
Frame 308:
[0.03037776921171399;
 0.1914394732420894;
 0.009685784843323518]
[-0.9209938556753043;
 -0.4178746517293728;
 0.01534074169493158]
Frame 309:
[0.02941146011521427;
 0.201587355460542;
 0.005990063522823356]
[-0.9000817938355297;
 -0.3989786319374749;
 0.01057243109925635]
Frame 310:
[0.0313327944434677;
 0.2076130512007277;
 0.001740452514052506]
[-0.8762950884216802;
 -0.4045554345532076;
 0.01692540649874143]
Frame 311:
[0.0350989968010227;
 0.2129727021569008;
 0.0005060581540171406]
[-0.8655249025222702;
 -0.420973240131289;
 0.02125527173572409]
Frame 312:
[0.03682830219002493;
 0.2177466109463712;
 -0.003396604346093976]
[-0.859826956327402;
 -0.4229769998630163;
 0.02792928628396353]
Frame 313:
[0.04058400657409989;
 0.2237538577699708;
 -0.007905698688984598]
[-0.8587579163670648;
 -0.4116523313097645;
 0.02989039098391492]
Frame 314:
[0.04225941700034791;
 0.2311337881269502;
 -0.009621697397182685]
[-0.8459491850164892;
 -0.4269631092668382;
 0.04127866442576696]
Frame 315:
[0.04463722006078154;
 0.2265201240304895;
 -0.004544255520993096]
[-0.8439785256551474;
 -0.4410173405242129;
 0.0305716665627797]
Frame 316:
[0.04267075141005235;
 0.2197090041604844;
 4.245074501668772e-05]
[-0.8576230881101;
 -0.434835940882724;
 -0.0131788873320656]
Frame 317:
[0.03996443351933992;
 0.2175478760802668;
 0.001161904365287428]
[-0.8507461309923852;
 -0.4263726690852594;
 -0.04094796247418208]
Frame 318:
[0.04216510772258662;
 0.216482040679582;
 0.003253213158043912]
[-0.8402890357834392;
 -0.4263822467153181;
 -0.08387857722970035]
Frame 319:
[0.04959930787789759;
 0.213997514427275;
 0.001883503853107069]
[-0.8399170980609926;
 -0.4343035148401224;
 -0.1229013296285842]
Frame 320:
[0.05471392685941153;
 0.2106231254620399;
 0.0002304529527418237]
[-0.8539462909350949;
 -0.4307388462282266;
 -0.1648649013051939]
Frame 321:
[0.05526306778476935;
 0.2071156247459724;
 -0.001174950445166969]
[-0.8617799887241191;
 -0.4350253063345521;
 -0.1887120308708979]
Frame 322:
[0.05634717758165485;
 0.2049107683045868;
 -0.00400614593354208]
[-0.8651466832441169;
 -0.4198558619593891;
 -0.2101737267174027]
Frame 323:
[0.05145235633168882;
 0.2055722108991172;
 -0.003900483213697851]
[-0.8653079496362129;
 -0.4132356692035289;
 -0.2217814129682123]
Frame 324:
[0.04471217054733059;
 0.2015813541229246;
 -0.004147332210433006]
[-0.8686718960706553;
 -0.4074505373815664;
 -0.2208783309431222]
Frame 325:
[0.04171097738472346;
 0.1998654067071435;
 -0.002285207950007519]
[-0.8699504722667744;
 -0.4089132095660144;
 -0.2229023210235947]
Frame 326:
[0.03988450488491176;
 0.1979229517751261;
 -0.001264253742053085]
[-0.865189266778191;
 -0.4084083329886762;
 -0.221079164769225]
Frame 327:
[0.03323900082805652;
 0.1938836566984634;
 0.002856939549368425]
[-0.8698370689777096;
 -0.4190262737180077;
 -0.212329089560061]
Frame 328:
[0.02946455615667776;
 0.1878436711816303;
 0.003012672131438768]
[-0.8805125532294357;
 -0.4155959810462554;
 -0.1967403622650915]
Frame 329:
[0.0265826719011911;
 0.180478326926865;
 0.00308642898179861]
[-0.8847971706087439;
 -0.4158533310884167;
 -0.182753952289101]
Frame 330:
[0.02421089630863511;
 0.1766858692556378;
 0.00288293495646721]
[-0.9018287641088584;
 -0.4118030603912893;
 -0.1766867714988141]
Frame 331:
[0.01747545312076303;
 0.1690618235892671;
 0.002064989839208854]
[-0.9184509017208542;
 -0.4060851417698081;
 -0.1635469882258776]
Frame 332:
[0.01504914916009023;
 0.1625014186881653;
 0.0009620198190021087]
[-0.937915529275191;
 -0.4012051832932668;
 -0.155544616170086]
Frame 333:
[0.01341677129863264;
 0.1542836752046558;
 0.0004557365721646959]
[-0.9520637495663857;
 -0.4018336598743203;
 -0.1546773560589712]
Frame 334:
[0.01727394724635515;
 0.1537261299328972;
 -0.001103107413211819]
[-0.9751891279023418;
 -0.3838200436263322;
 -0.1564746291039631]
Frame 335:
[0.01492550917308289;
 0.1487650211729632;
 0.0001444826772074678]
[-0.9870446711281738;
 -0.4020200688585882;
 -0.1564190646319175]
Frame 336:
[0.01246330072813222;
 0.1412414861685151;
 0.001935989285301969]
[-1.003507999005705;
 -0.4043852335279213;
 -0.159582277437774]
Frame 337:
[0.006097101170826394;
 0.127166391887483;
 0.004238155832089143]
[-0.9971663723995823;
 -0.4044925096984956;
 -0.1529754533595013]
Frame 338:
[0.007302983940366913;
 0.1232873858699173;
 0.005997863421636486]
[-1.014147930709313;
 -0.3952488989860503;
 -0.1516319003261239]
Frame 339:
[0.001321354132484801;
 0.1178126961945467;
 0.009029874480093292]
[-1.039113416002291;
 -0.4049989391645955;
 -0.1397270024568616]
Frame 340:
[-0.004583062509878988;
 0.1101185563918164;
 0.0147155318169737]
[-1.056231269699034;
 -0.4291552707533254;
 -0.1368079081220239]
Frame 341:
[-0.005803494060532675;
 0.1009832815901877;
 0.01335151254434553]
[-1.070132592205321;
 -0.4120542864779917;
 -0.1343786096214238]
Frame 342:
[-0.01282225184819774;
 0.09158614342037018;
 0.01443567864974033]
[-1.07923248971488;
 -0.4181699470568442;
 -0.1287266220246553]
Frame 343:
[-0.02890938051491778;
 0.08174257386752841;
 0.01316679701239455]
[-1.104221426451304;
 -0.4462235734375511;
 -0.1123110793280492]
Frame 344:
[-0.02925914843557436;
 0.07002025663383225;
 0.01107885282890193]
[-1.126734529866434;
 -0.4441719416396939;
 -0.1110693829955732]
Frame 345:
[-0.02778481484670056;
 0.05977604498258471;
 0.008379856743179339]
[-1.144062070682021;
 -0.4349226841792664;
 -0.1074418638317352]
Frame 346:
[-0.02081801694160829;
 0.05669113091098982;
 0.006336184358856649]
[-1.167982161784018;
 -0.4153861592961967;
 -0.1094427489171261]
Frame 347:
[-0.01706757601917109;
 0.05571198171829625;
 0.003598517936247708]
[-1.187869667473496;
 -0.4008229130054131;
 -0.1043350181002865]
Frame 348:
[-0.01239980520577968;
 0.05709673447422278;
 0.001837142146295821]
[-1.226473865337486;
 -0.3809830936973709;
 -0.08870607494955984]
Frame 349:
[-0.0009285213623450067;
 0.05873222490280358;
 0.0001750826868018274]
[-1.26020785785252;
 -0.3535992352719545;
 -0.07838472123268801]
Frame 350:
[0.01929337246804565;
 0.06953542175241123;
 5.011444221966605e-05]
[-1.323031716508652;
 -0.3013994990776588;
 -0.05933811812323542]
Frame 351:
[0.02255178685856589;
 0.06936222299869359;
 0.0005557323483020316]
[-1.33549642960186;
 -0.3183407682583286;
 -0.03403437491390904]
Frame 352:
[0.02920826203492771;
 0.06911810546973499;
 0.00114240134696048]
[-1.326406671432142;
 -0.3300904640082974;
 -0.0165862583151507]
Frame 353:
[0.02314642053631268;
 0.06814889513236112;
 -0.003035717483972163]
[-1.323113725812703;
 -0.3573773027875967;
 0.01332062878400539]
Frame 354:
[0.02379893173916248;
 0.06725634959989679;
 -0.004904727071576609]
[-1.317315833378856;
 -0.3561824341310805;
 0.04123740868082545]
Frame 355:
[0.02733892147180137;
 0.0681318985407563;
 -0.001391541161398811]
[-1.282630758877649;
 -0.3329520832654282;
 0.07046756780645598]
Frame 356:
[0.02238591374592018;
 0.07406032575394197;
 -0.0007516612119853302]
[-1.270844433611259;
 -0.3427741060383839;
 0.1075869477572065]
Frame 357:
[0.01924477725160608;
 0.07932819780560145;
 -0.001396985247199795]
[-1.263960211976153;
 -0.3524490247610295;
 0.1393001139179062]
Frame 358:
[0.0138137751883303;
 0.08208787428382602;
 -0.0002962507625928098]
[-1.252878914353106;
 -0.3509296122971615;
 0.1674428082847619]
Frame 359:
[0.0131390156368379;
 0.08493675804432754;
 0.007538068019066415]
[-1.214293757378063;
 -0.3537181883655795;
 0.1866476878641672]
Frame 360:
[0.01019277832843067;
 0.08905843534795757;
 0.008099147378213626]
[-1.180908964340509;
 -0.3399365921123393;
 0.2084297917402597]
Frame 361:
[-0.001115948877996467;
 0.08656217322918973;
 0.01014760673100061]
[-1.138818266185314;
 -0.3726482848313734;
 0.2281078738967225]
Frame 362:
[0.0008700117241116534;
 0.09142404788725231;
 0.01255755983557735]
[-1.128792961188736;
 -0.3572356723252302;
 0.24727452366442]
Frame 363:
[-0.01587069362025547;
 0.07724019879655582;
 0.01672125048718878]
[-1.025940314811727;
 -0.409266292184537;
 0.2910529813228412]
Frame 364:
[-0.006866752758730991;
 0.09583273633663761;
 0.01953511228318273]
[-1.044245881560528;
 -0.3749632794622054;
 0.299992800206497]
Frame 365:
[-0.005747717042273208;
 0.1049121906214124;
 0.01908675172904193]
[-1.033256210844665;
 -0.3554531930465574;
 0.3163997061370869]
Frame 366:
[-0.008881716784674674;
 0.1056368390653898;
 0.01807427577302054]
[-0.9817072414006861;
 -0.3608244277628199;
 0.3283659237580848]
Frame 367:
[-0.01006323919759255;
 0.1086619763074339;
 0.0175057857741192]
[-0.9439019581149547;
 -0.35831054486591;
 0.347839294868281]
Frame 368:
[-0.01188496197248613;
 0.1137491918847037;
 0.01343402643797006]
[-0.9244300923225234;
 -0.3663037567164044;
 0.3717800471043359]
Frame 369:
[-0.01334211336535165;
 0.1143203130546961;
 0.01047673554847527]
[-0.8791380313271268;
 -0.3652866477606866;
 0.3977933457237744]
Frame 370:
[-0.01664701255673931;
 0.122615173820036;
 0.007364767035289506]
[-0.8769076170384676;
 -0.3628928342158242;
 0.4217768571245873]
Frame 371:
[-0.01700763005330018;
 0.1184186336260782;
 0.008832757604392383]
[-0.850373934099004;
 -0.3460974705464345;
 0.4433845311055948]
Frame 372:
[-0.01216427844074675;
 0.1185167739837331;
 0.004876996812945004]
[-0.8067040960294695;
 -0.3599709667868899;
 0.4538575346817947]
Frame 373:
[-0.008434342628057024;
 0.1206156898093644;
 0.003767499058458391]
[-0.7796697812713609;
 -0.3537921309636254;
 0.4514632152358106]
Frame 374:
[-0.01026082497634637;
 0.1228218479083038;
 0.004667379187123759]
[-0.7908240534996721;
 -0.3545053082790013;
 0.4542751834907187]
Frame 375:
[-0.007028608397763076;
 0.1220014941162395;
 0.004168050313804542]
[-0.7860896472843265;
 -0.3606126693607827;
 0.4421405484596632]
Frame 376:
[-0.002879757237761561;
 0.1247435189909407;
 0.004408199213685194]
[-0.7767505408608614;
 -0.3739570600667771;
 0.4262773430553826]
Frame 377:
[-0.0004310889009546421;
 0.1270664556288304;
 0.004477281556424538]
[-0.7818452273613802;
 -0.3797921715438574;
 0.4164836524426808]
Frame 378:
[0.003175243007165593;
 0.1270593346711089;
 0.001547256734328164]
[-0.785455491065812;
 -0.3948923397457936;
 0.4022083136663849]
Frame 379:
[0.000563252912685036;
 0.1356050365440599;
 0.0001211741672568119]
[-0.7638600404270892;
 -0.4021088191425619;
 0.3969989576631481]
Frame 380:
[-0.003489691115816572;
 0.1163609597138709;
 0.008940769393588619]
[-0.6144185611075114;
 -0.4175993228607064;
 0.389290929832912]
Frame 381:
[-0.000898956656268973;
 0.1470409146064107;
 0.004087237290306762]
[-0.6946499095285423;
 -0.4027537859234458;
 0.3856496645118875]
Frame 382:
[-0.004485510790950588;
 0.1445951915621632;
 -0.008530816982067466]
[-0.6517520624376163;
 -0.3946835082089362;
 0.3842086732775969]
Frame 383:
[-0.02162870372531553;
 0.1391702993598064;
 -0.01407609095147662]
[-0.5429939953848886;
 -0.4474866897261207;
 0.3957454166129753]
Frame 384:
[-0.01580479031287256;
 0.1533137567303111;
 -0.01187610228230687]
[-0.5430932998017977;
 -0.4215233009173565;
 0.3897618482586354]
Frame 385:
[-0.02064549893194264;
 0.1491309499411063;
 -0.004613800203079945]
[-0.5694107143478413;
 -0.4241231698335993;
 0.3893254851478025]
Frame 386:
[-0.02107546917029703;
 0.1408728510427464;
 -0.001965968010264356]
[-0.622542737952982;
 -0.4182399208030209;
 0.388131745163333]
Frame 387:
[-0.0128339342590661;
 0.1351324669407029;
 -0.002120607549486154]
[-0.6738086705981823;
 -0.4147691955297491;
 0.3750568163409177]
Frame 388:
[-0.007823195320033003;
 0.1330450375252112;
 -0.002804452480522761]
[-0.6933932535716502;
 -0.4203207155107855;
 0.3586779627605144]
Frame 389:
[-0.007264544293705136;
 0.1280013665607484;
 -0.002079622500306909]
[-0.7069535899828868;
 -0.4353977772014213;
 0.3413040965378722]
Frame 390:
[-0.003138479692344476;
 0.1213690200853753;
 0.0008805957825288073]
[-0.7258029563833553;
 -0.4471468459737558;
 0.3162207535248631]
Frame 391:
[0.0004627791651817809;
 0.1088501644863342;
 0.001203419065497636]
[-0.7563191754248284;
 -0.4542222098278193;
 0.2854505233762283]
Frame 392:
[0.01037468369124631;
 0.1013901763007103;
 -0.0005312565188509601]
[-0.7835241976607575;
 -0.450543737203897;
 0.2569396113478286]
Frame 393:
[0.01502922299764914;
 0.09658706633867209;
 0.004015924399617879]
[-0.7920374491025465;
 -0.480230620044662;
 0.2255201398145459]
Frame 394:
[0.0173432712052842;
 0.09337244952959325;
 0.004952404689102972]
[-0.8781077476156246;
 -0.4689004693561367;
 0.1949628797387173]
Frame 395:
[0.007747385291519115;
 0.08107219910910198;
 0.00304695488095424]
[-0.9151946752229371;
 -0.5036876453900051;
 0.1996398902081188]
Frame 396:
[0.0159571290597247;
 0.07712634752504242;
 0.007251154776652774]
[-0.9293226706542811;
 -0.4663684483419663;
 0.1844979564834894]
Frame 397:
[0.005569095307848587;
 0.06477758480523635;
 0.007752401142801989]
[-0.9502416786723678;
 -0.4598203932482361;
 0.196290995594835]
Frame 398:
[0.007732400860597659;
 0.06476734828970568;
 0.007554554651795228]
[-0.9679422329781916;
 -0.4442765192374293;
 0.1920224472218869]
Frame 399:
[0.001982778663271477;
 0.06400530350934759;
 0.0080701997259339]
[-0.9736326548737199;
 -0.430727483613263;
 0.1986546035611404]
Frame 400:
[0.002115809373761901;
 0.05802332470404229;
 0.008661910531243412]
[-0.9799692332484318;
 -0.4292586783513612;
 0.2008368323129715]
Frame 401:
[0.001308837296691523;
 0.05756235727750718;
 0.007968692991850952]
[-0.9885799762610837;
 -0.43278698336555;
 0.2128682729604243]
Frame 402:
[0.005020553080210475;
 0.05738223546223822;
 0.006649686061823658]
[-0.9909406633744529;
 -0.4352249761892408;
 0.2274402134785127]
Frame 403:
[0.0123155315794522;
 0.06087004192636239;
 0.001875079870275877]
[-0.9990836950501277;
 -0.4426009369806714;
 0.2417019838058]
Frame 404:
[0.01530252330983183;
 0.05850470916962437;
 0.0003804415871490995]
[-0.9865130528656123;
 -0.4426216091609732;
 0.2502090685497823]
Frame 405:
[0.00955278128272812;
 0.05369099321101132;
 0.002156778192363784]
[-0.9926910564200035;
 -0.4563728271565441;
 0.2581248302063717]
A:
[6.4214237250016629e+02;
0.;
3.3641613204092783e+02;
0.;
6.3951837714039698e+02;
2.1268611446352779e+02;
0.;
0.;
1.]
D:
[1.2072558190820312e-01;
2.3613032716918989e-01;
-1.4458476584549754e-02;
4.9147573649284187e-03;
-1.7961867578943145e+00]