Frame 1:
[1;
 0;
 0]
[1;
 0;
 0]
Frame 2:
[1;
 0;
 0]
[1;
 0;
 0]
Frame 3:
[1;
 0;
 0]
[1;
 0;
 0]
Frame 4:
[1;
 0;
 0]
[1;
 0;
 0]
Frame 5:
[1;
 0;
 0]
[1;
 0;
 0]
Frame 6:
[1;
 0;
 0]
[1;
 0;
 0]
Frame 7:
[1;
 0;
 0]
[1;
 0;
 0]
Frame 8:
[1;
 0;
 0]
[1;
 0;
 0]
Frame 9:
[1;
 0;
 0]
[1;
 0;
 0]
Frame 10:
[1;
 0;
 0]
[1;
 0;
 0]
Frame 11:
[1;
 0;
 0]
[1;
 0;
 0]
Frame 12:
[1;
 0;
 0]
[1;
 0;
 0]
Frame 13:
[1;
 0;
 0]
[1;
 0;
 0]
Frame 14:
[1;
 0;
 0]
[1;
 0;
 0]
Frame 15:
[1;
 0;
 0]
[1;
 0;
 0]
Frame 16:
[1;
 0;
 0]
[1;
 0;
 0]
Frame 17:
[1;
 0;
 0]
[1;
 0;
 0]
Frame 18:
[1;
 0;
 0]
[1;
 0;
 0]
Frame 19:
[1;
 0;
 0]
[1;
 0;
 0]
Frame 20:
[1;
 0;
 0]
[1;
 0;
 0]
Frame 21:
[1;
 0;
 0]
[1;
 0;
 0]
Frame 22:
[1;
 0;
 0]
[1;
 0;
 0]
Frame 23:
[1;
 0;
 0]
[1;
 0;
 0]
Frame 24:
[1;
 0;
 0]
[1;
 0;
 0]
Frame 25:
[1;
 0;
 0]
[1;
 0;
 0]
Frame 26:
[1;
 0;
 0]
[1;
 0;
 0]
Frame 27:
[1;
 0;
 0]
[1;
 0;
 0]
Frame 28:
[1;
 0;
 0]
[1;
 0;
 0]
Frame 29:
[1;
 0;
 0]
[1;
 0;
 0]
Frame 30:
[1;
 0;
 0]
[1;
 0;
 0]
Frame 31:
[1;
 0;
 0]
[1;
 0;
 0]
Frame 32:
[1;
 0;
 0]
[1;
 0;
 0]
Frame 33:
[1;
 0;
 0]
[1;
 0;
 0]
Frame 34:
[1;
 0;
 0]
[1;
 0;
 0]
Frame 35:
[1;
 0;
 0]
[1;
 0;
 0]
Frame 36:
[1;
 0;
 0]
[1;
 0;
 0]
Frame 37:
[1;
 0;
 0]
[1;
 0;
 0]
Frame 38:
[1;
 0;
 0]
[1;
 0;
 0]
Frame 39:
[1;
 0;
 0]
[1;
 0;
 0]
Frame 40:
[1;
 0;
 0]
[1;
 0;
 0]
Frame 41:
[1;
 0;
 0]
[1;
 0;
 0]
Frame 42:
[1;
 0;
 0]
[1;
 0;
 0]
Frame 43:
[1;
 0;
 0]
[1;
 0;
 0]
Frame 44:
[1;
 0;
 0]
[1;
 0;
 0]
Frame 45:
[1;
 0;
 0]
[1;
 0;
 0]
Frame 46:
[1;
 0;
 0]
[1;
 0;
 0]
Frame 47:
[1;
 0;
 0]
[1;
 0;
 0]
Frame 48:
[1;
 0;
 0]
[1;
 0;
 0]
Frame 49:
[1;
 0;
 0]
[1;
 0;
 0]
Frame 50:
[1;
 0;
 0]
[1;
 0;
 0]
Frame 51:
[1;
 0;
 0]
[1;
 0;
 0]
Frame 52:
[1;
 0;
 0]
[1;
 0;
 0]
Frame 53:
[1;
 0;
 0]
[1;
 0;
 0]
Frame 54:
[1;
 0;
 0]
[1;
 0;
 0]
Frame 55:
[1;
 0;
 0]
[1;
 0;
 0]
Frame 56:
[1;
 0;
 0]
[1;
 0;
 0]
Frame 57:
[1;
 0;
 0]
[1;
 0;
 0]
Frame 58:
[1;
 0;
 0]
[1;
 0;
 0]
Frame 59:
[1;
 0;
 0]
[1;
 0;
 0]
Frame 60:
[1;
 0;
 0]
[1;
 0;
 0]
Frame 61:
[1;
 0;
 0]
[1;
 0;
 0]
Frame 62:
[0;
 0;
 0]
[0;
 0;
 0]
Frame 63:
[0;
 0;
 0]
[0;
 0;
 0]
Frame 64:
[0;
 0;
 0]
[0;
 0;
 0]
Frame 65:
[0;
 0;
 0]
[0;
 0;
 0]
Frame 66:
[0;
 0;
 0]
[0;
 0;
 0]
Frame 67:
[0;
 0;
 0]
[0;
 0;
 0]
Frame 68:
[0;
 0;
 0]
[0;
 0;
 0]
Frame 69:
[0;
 0;
 0]
[0;
 0;
 0]
Frame 70:
[0;
 0;
 0]
[0;
 0;
 0]
Frame 71:
[0;
 0;
 0]
[0;
 0;
 0]
Frame 72:
[0;
 0;
 0]
[0;
 0;
 0]
Frame 73:
[0;
 0;
 0]
[0;
 0;
 0]
Frame 74:
[0;
 0;
 0]
[0;
 0;
 0]
Frame 75:
[0;
 0;
 0]
[0;
 0;
 0]
Frame 76:
[0;
 0;
 0]
[0;
 0;
 0]
Frame 77:
[0;
 0;
 0]
[0;
 0;
 0]
Frame 78:
[0;
 0;
 0]
[0;
 0;
 0]
Frame 79:
[0;
 0;
 0]
[0;
 0;
 0]
Frame 80:
[0;
 0;
 0]
[0;
 0;
 0]
Frame 81:
[0;
 0;
 0]
[0;
 0;
 0]
Frame 82:
[0;
 0;
 0]
[0;
 0;
 0]
Frame 83:
[0;
 0;
 0]
[0;
 0;
 0]
Frame 84:
[0;
 0;
 0]
[0;
 0;
 0]
Frame 85:
[0;
 0;
 0]
[0;
 0;
 0]
Frame 86:
[0;
 0;
 0]
[0;
 0;
 0]
Frame 87:
[0;
 0;
 0]
[0;
 0;
 0]
Frame 88:
[0;
 0;
 0]
[0;
 0;
 0]
Frame 89:
[0;
 0;
 0]
[0;
 0;
 0]
Frame 90:
[0;
 0;
 0]
[0;
 0;
 0]
Frame 91:
[0;
 0;
 0]
[0;
 0;
 0]
Frame 92:
[0;
 0;
 0]
[0;
 0;
 0]
Frame 93:
[0;
 0;
 0]
[0;
 0;
 0]
Frame 94:
[0;
 0;
 0]
[0;
 0;
 0]
Frame 95:
[0;
 0;
 0]
[0;
 0;
 0]
Frame 96:
[0;
 0;
 0]
[0;
 0;
 0]
Frame 97:
[0;
 0;
 0]
[0;
 0;
 0]
Frame 98:
[0;
 0;
 0]
[0;
 0;
 0]
Frame 99:
[0;
 0;
 0]
[0;
 0;
 0]
Frame 100:
[0;
 0;
 0]
[0;
 0;
 0]
Frame 101:
[0;
 0;
 0]
[0;
 0;
 0]
Frame 102:
[0;
 0;
 0]
[0;
 0;
 0]
Frame 103:
[0;
 0;
 0]
[0;
 0;
 0]
Frame 104:
[0;
 0;
 0]
[0;
 0;
 0]
Frame 105:
[0;
 0;
 0]
[0;
 0;
 0]
Frame 106:
[0;
 0;
 0]
[0;
 0;
 0]
Frame 107:
[0;
 0;
 0]
[0;
 0;
 0]
Frame 108:
[0;
 0;
 0]
[0;
 0;
 0]
Frame 109:
[0;
 0;
 0]
[0;
 0;
 0]
Frame 110:
[-0.05374270036275053;
 0.03636121022909099;
 -0.02038875313946489]
[-0.9945380907092893;
 0.07102419435609861;
 0.07648235054173473]
Frame 111:
[-0.05374270036275053;
 0.03636121022909099;
 -0.02038875313946489]
[-0.9945380907092893;
 0.07102419435609861;
 0.07648235054173473]
Frame 112:
[-0.05374270036275053;
 0.03636121022909099;
 -0.02038875313946489]
[-0.9945380907092893;
 0.07102419435609861;
 0.07648235054173473]
Frame 113:
[-0.05374270036275053;
 0.03636121022909099;
 -0.02038875313946489]
[-0.9945380907092893;
 0.07102419435609861;
 0.07648235054173473]
Frame 114:
[-0.05374270036275053;
 0.03636121022909099;
 -0.02038875313946489]
[-0.9945380907092893;
 0.07102419435609861;
 0.07648235054173473]
Frame 115:
[-0.05374270036275053;
 0.03636121022909099;
 -0.02038875313946489]
[-0.9945380907092893;
 0.07102419435609861;
 0.07648235054173473]
Frame 116:
[-0.05374270036275053;
 0.03636121022909099;
 -0.02038875313946489]
[-0.9945380907092893;
 0.07102419435609861;
 0.07648235054173473]
Frame 117:
[-0.05374270036275053;
 0.03636121022909099;
 -0.02038875313946489]
[-0.9945380907092893;
 0.07102419435609861;
 0.07648235054173473]
Frame 118:
[-0.05374270036275053;
 0.03636121022909099;
 -0.02038875313946489]
[-0.9945380907092893;
 0.07102419435609861;
 0.07648235054173473]
Frame 119:
[-0.05374270036275053;
 0.03636121022909099;
 -0.02038875313946489]
[-0.9945380907092893;
 0.07102419435609861;
 0.07648235054173473]
Frame 120:
[-0.05374270036275053;
 0.03636121022909099;
 -0.02038875313946489]
[-0.9945380907092893;
 0.07102419435609861;
 0.07648235054173473]
Frame 121:
[-0.05374270036275053;
 0.03636121022909099;
 -0.02038875313946489]
[-0.9945380907092893;
 0.07102419435609861;
 0.07648235054173473]
Frame 122:
[-0.05374270036275053;
 0.03636121022909099;
 -0.02038875313946489]
[-0.9945380907092893;
 0.07102419435609861;
 0.07648235054173473]
Frame 123:
[-0.05374270036275053;
 0.03636121022909099;
 -0.02038875313946489]
[-0.9945380907092893;
 0.07102419435609861;
 0.07648235054173473]
Frame 124:
[-0.05374270036275053;
 0.03636121022909099;
 -0.02038875313946489]
[-0.9945380907092893;
 0.07102419435609861;
 0.07648235054173473]
Frame 125:
[-0.05374270036275053;
 0.03636121022909099;
 -0.02038875313946489]
[-0.9945380907092893;
 0.07102419435609861;
 0.07648235054173473]
Frame 126:
[-0.05374270036275053;
 0.03636121022909099;
 -0.02038875313946489]
[-0.9945380907092893;
 0.07102419435609861;
 0.07648235054173473]
Frame 127:
[-0.05374270036275053;
 0.03636121022909099;
 -0.02038875313946489]
[-0.9945380907092893;
 0.07102419435609861;
 0.07648235054173473]
Frame 128:
[-0.05374270036275053;
 0.03636121022909099;
 -0.02038875313946489]
[-0.9945380907092893;
 0.07102419435609861;
 0.07648235054173473]
Frame 129:
[-0.05374270036275053;
 0.03636121022909099;
 -0.02038875313946489]
[-0.9945380907092893;
 0.07102419435609861;
 0.07648235054173473]
Frame 130:
[-0.05374270036275053;
 0.03636121022909099;
 -0.02038875313946489]
[-0.9945380907092893;
 0.07102419435609861;
 0.07648235054173473]
Frame 131:
[-0.05374270036275053;
 0.03636121022909099;
 -0.02038875313946489]
[-0.9945380907092893;
 0.07102419435609861;
 0.07648235054173473]
Frame 132:
[-0.05374270036275053;
 0.03636121022909099;
 -0.02038875313946489]
[-0.9945380907092893;
 0.07102419435609861;
 0.07648235054173473]
Frame 133:
[-0.05374270036275053;
 0.03636121022909099;
 -0.02038875313946489]
[-0.9945380907092893;
 0.07102419435609861;
 0.07648235054173473]
Frame 134:
[-0.05374270036275053;
 0.03636121022909099;
 -0.02038875313946489]
[-0.9945380907092893;
 0.07102419435609861;
 0.07648235054173473]
Frame 135:
[-0.05374270036275053;
 0.03636121022909099;
 -0.02038875313946489]
[-0.9945380907092893;
 0.07102419435609861;
 0.07648235054173473]
Frame 136:
[-0.05374270036275053;
 0.03636121022909099;
 -0.02038875313946489]
[-0.9945380907092893;
 0.07102419435609861;
 0.07648235054173473]
Frame 137:
[-0.05374270036275053;
 0.03636121022909099;
 -0.02038875313946489]
[-0.9945380907092893;
 0.07102419435609861;
 0.07648235054173473]
Frame 138:
[-0.05374270036275053;
 0.03636121022909099;
 -0.02038875313946489]
[-0.9945380907092893;
 0.07102419435609861;
 0.07648235054173473]
Frame 139:
[-0.05374270036275053;
 0.03636121022909099;
 -0.02038875313946489]
[-0.9945380907092893;
 0.07102419435609861;
 0.07648235054173473]
Frame 140:
[-0.05374270036275053;
 0.03636121022909099;
 -0.02038875313946489]
[-0.9945380907092893;
 0.07102419435609861;
 0.07648235054173473]
Frame 141:
[-0.05374270036275053;
 0.03636121022909099;
 -0.02038875313946489]
[-0.9945380907092893;
 0.07102419435609861;
 0.07648235054173473]
Frame 142:
[-0.05374270036275053;
 0.03636121022909099;
 -0.02038875313946489]
[-0.9945380907092893;
 0.07102419435609861;
 0.07648235054173473]
Frame 143:
[-0.05374270036275053;
 0.03636121022909099;
 -0.02038875313946489]
[-0.9945380907092893;
 0.07102419435609861;
 0.07648235054173473]
Frame 144:
[-0.05374270036275053;
 0.03636121022909099;
 -0.02038875313946489]
[-0.9945380907092893;
 0.07102419435609861;
 0.07648235054173473]
Frame 145:
[-0.05374270036275053;
 0.03636121022909099;
 -0.02038875313946489]
[-0.9945380907092893;
 0.07102419435609861;
 0.07648235054173473]
Frame 146:
[-0.05374270036275053;
 0.03636121022909099;
 -0.02038875313946489]
[-0.9945380907092893;
 0.07102419435609861;
 0.07648235054173473]
Frame 147:
[-0.05374270036275053;
 0.03636121022909099;
 -0.02038875313946489]
[-0.9945380907092893;
 0.07102419435609861;
 0.07648235054173473]
Frame 148:
[-0.05374270036275053;
 0.03636121022909099;
 -0.02038875313946489]
[-0.9945380907092893;
 0.07102419435609861;
 0.07648235054173473]
Frame 149:
[-0.05374270036275053;
 0.03636121022909099;
 -0.02038875313946489]
[-0.9945380907092893;
 0.07102419435609861;
 0.07648235054173473]
Frame 150:
[-0.05374270036275053;
 0.03636121022909099;
 -0.02038875313946489]
[-0.9945380907092893;
 0.07102419435609861;
 0.07648235054173473]
Frame 151:
[-0.05374270036275053;
 0.03636121022909099;
 -0.02038875313946489]
[-0.9945380907092893;
 0.07102419435609861;
 0.07648235054173473]
Frame 152:
[-0.05374270036275053;
 0.03636121022909099;
 -0.02038875313946489]
[-0.9945380907092893;
 0.07102419435609861;
 0.07648235054173473]
Frame 153:
[-0.05689550018584943;
 0.1871467873931732;
 -0.01627811126068586]
[-0.9909186482891976;
 -0.004231458440873036;
 0.1343961578028653]
Frame 154:
[-0.05689550018584943;
 0.1871467873931732;
 -0.01627811126068586]
[-0.9909186482891976;
 -0.004231458440873036;
 0.1343961578028653]
Frame 155:
[-0.05689550018584943;
 0.1871467873931732;
 -0.01627811126068586]
[-0.9909186482891976;
 -0.004231458440873036;
 0.1343961578028653]
Frame 156:
[-0.05689550018584943;
 0.1871467873931732;
 -0.01627811126068586]
[-0.9909186482891976;
 -0.004231458440873036;
 0.1343961578028653]
Frame 157:
[-0.05689550018584943;
 0.1871467873931732;
 -0.01627811126068586]
[-0.9909186482891976;
 -0.004231458440873036;
 0.1343961578028653]
Frame 158:
[-0.05689550018584943;
 0.1871467873931732;
 -0.01627811126068586]
[-0.9909186482891976;
 -0.004231458440873036;
 0.1343961578028653]
Frame 159:
[-0.05689550018584943;
 0.1871467873931732;
 -0.01627811126068586]
[-0.9909186482891976;
 -0.004231458440873036;
 0.1343961578028653]
Frame 160:
[-0.05689550018584943;
 0.1871467873931732;
 -0.01627811126068586]
[-0.9909186482891976;
 -0.004231458440873036;
 0.1343961578028653]
Frame 161:
[-0.05689550018584943;
 0.1871467873931732;
 -0.01627811126068586]
[-0.9909186482891976;
 -0.004231458440873036;
 0.1343961578028653]
Frame 162:
[-0.05689550018584943;
 0.1871467873931732;
 -0.01627811126068586]
[-0.9909186482891976;
 -0.004231458440873036;
 0.1343961578028653]
Frame 163:
[-0.05689550018584943;
 0.1871467873931732;
 -0.01627811126068586]
[-0.9909186482891976;
 -0.004231458440873036;
 0.1343961578028653]
Frame 164:
[-0.05689550018584943;
 0.1871467873931732;
 -0.01627811126068586]
[-0.9909186482891976;
 -0.004231458440873036;
 0.1343961578028653]
Frame 165:
[-0.05689550018584943;
 0.1871467873931732;
 -0.01627811126068586]
[-0.9909186482891976;
 -0.004231458440873036;
 0.1343961578028653]
Frame 166:
[-0.05689550018584943;
 0.1871467873931732;
 -0.01627811126068586]
[-0.9909186482891976;
 -0.004231458440873036;
 0.1343961578028653]
Frame 167:
[-0.05689550018584943;
 0.1871467873931732;
 -0.01627811126068586]
[-0.9909186482891976;
 -0.004231458440873036;
 0.1343961578028653]
Frame 168:
[-0.05689550018584943;
 0.1871467873931732;
 -0.01627811126068586]
[-0.9909186482891976;
 -0.004231458440873036;
 0.1343961578028653]
Frame 169:
[-0.05689550018584943;
 0.1871467873931732;
 -0.01627811126068586]
[-0.9909186482891976;
 -0.004231458440873036;
 0.1343961578028653]
Frame 170:
[-0.05689550018584943;
 0.1871467873931732;
 -0.01627811126068586]
[-0.9909186482891976;
 -0.004231458440873036;
 0.1343961578028653]
Frame 171:
[-0.05689550018584943;
 0.1871467873931732;
 -0.01627811126068586]
[-0.9909186482891976;
 -0.004231458440873036;
 0.1343961578028653]
Frame 172:
[-0.05689550018584943;
 0.1871467873931732;
 -0.01627811126068586]
[-0.9909186482891976;
 -0.004231458440873036;
 0.1343961578028653]
Frame 173:
[-0.05689550018584943;
 0.1871467873931732;
 -0.01627811126068586]
[-0.9909186482891976;
 -0.004231458440873036;
 0.1343961578028653]
Frame 174:
[-0.05689550018584943;
 0.1871467873931732;
 -0.01627811126068586]
[-0.9909186482891976;
 -0.004231458440873036;
 0.1343961578028653]
Frame 175:
[-0.05689550018584943;
 0.1871467873931732;
 -0.01627811126068586]
[-0.9909186482891976;
 -0.004231458440873036;
 0.1343961578028653]
Frame 176:
[-0.05689550018584943;
 0.1871467873931732;
 -0.01627811126068586]
[-0.9909186482891976;
 -0.004231458440873036;
 0.1343961578028653]
Frame 177:
[-0.05689550018584943;
 0.1871467873931732;
 -0.01627811126068586]
[-0.9909186482891976;
 -0.004231458440873036;
 0.1343961578028653]
Frame 178:
[-0.05689550018584943;
 0.1871467873931732;
 -0.01627811126068586]
[-0.9909186482891976;
 -0.004231458440873036;
 0.1343961578028653]
Frame 179:
[-0.05689550018584943;
 0.1871467873931732;
 -0.01627811126068586]
[-0.9909186482891976;
 -0.004231458440873036;
 0.1343961578028653]
Frame 180:
[-0.05689550018584943;
 0.1871467873931732;
 -0.01627811126068586]
[-0.9909186482891976;
 -0.004231458440873036;
 0.1343961578028653]
Frame 181:
[-0.05689550018584943;
 0.1871467873931732;
 -0.01627811126068586]
[-0.9909186482891976;
 -0.004231458440873036;
 0.1343961578028653]
Frame 182:
[-0.05689550018584943;
 0.1871467873931732;
 -0.01627811126068586]
[-0.9909186482891976;
 -0.004231458440873036;
 0.1343961578028653]
Frame 183:
[-0.05689550018584943;
 0.1871467873931732;
 -0.01627811126068586]
[-0.9909186482891976;
 -0.004231458440873036;
 0.1343961578028653]
Frame 184:
[-0.05689550018584943;
 0.1871467873931732;
 -0.01627811126068586]
[-0.9909186482891976;
 -0.004231458440873036;
 0.1343961578028653]
Frame 185:
[-0.05689550018584943;
 0.1871467873931732;
 -0.01627811126068586]
[-0.9909186482891976;
 -0.004231458440873036;
 0.1343961578028653]
Frame 186:
[-0.05689550018584943;
 0.1871467873931732;
 -0.01627811126068586]
[-0.9909186482891976;
 -0.004231458440873036;
 0.1343961578028653]
Frame 187:
[-0.05689550018584943;
 0.1871467873931732;
 -0.01627811126068586]
[-0.9909186482891976;
 -0.004231458440873036;
 0.1343961578028653]
Frame 188:
[-0.05689550018584943;
 0.1871467873931732;
 -0.01627811126068586]
[-0.9909186482891976;
 -0.004231458440873036;
 0.1343961578028653]
Frame 189:
[-0.05689550018584943;
 0.1871467873931732;
 -0.01627811126068586]
[-0.9909186482891976;
 -0.004231458440873036;
 0.1343961578028653]
Frame 190:
[-0.05689550018584943;
 0.1871467873931732;
 -0.01627811126068586]
[-0.9909186482891976;
 -0.004231458440873036;
 0.1343961578028653]
Frame 191:
[-0.05689550018584943;
 0.1871467873931732;
 -0.01627811126068586]
[-0.9909186482891976;
 -0.004231458440873036;
 0.1343961578028653]
Frame 192:
[-0.05689550018584943;
 0.1871467873931732;
 -0.01627811126068586]
[-0.9909186482891976;
 -0.004231458440873036;
 0.1343961578028653]
Frame 193:
[-0.05689550018584943;
 0.1871467873931732;
 -0.01627811126068586]
[-0.9909186482891976;
 -0.004231458440873036;
 0.1343961578028653]
Frame 194:
[-0.05689550018584943;
 0.1871467873931732;
 -0.01627811126068586]
[-0.9909186482891976;
 -0.004231458440873036;
 0.1343961578028653]
Frame 195:
[-0.05689550018584943;
 0.1871467873931732;
 -0.01627811126068586]
[-0.9909186482891976;
 -0.004231458440873036;
 0.1343961578028653]
Frame 196:
[-0.05689550018584943;
 0.1871467873931732;
 -0.01627811126068586]
[-0.9909186482891976;
 -0.004231458440873036;
 0.1343961578028653]
Frame 197:
[-0.05689550018584943;
 0.1871467873931732;
 -0.01627811126068586]
[-0.9909186482891976;
 -0.004231458440873036;
 0.1343961578028653]
Frame 198:
[-0.05689550018584943;
 0.1871467873931732;
 -0.01627811126068586]
[-0.9909186482891976;
 -0.004231458440873036;
 0.1343961578028653]
Frame 199:
[-0.05689550018584943;
 0.1871467873931732;
 -0.01627811126068586]
[-0.9909186482891976;
 -0.004231458440873036;
 0.1343961578028653]
Frame 200:
[-0.05689550018584943;
 0.1871467873931732;
 -0.01627811126068586]
[-0.9909186482891976;
 -0.004231458440873036;
 0.1343961578028653]
Frame 201:
[-0.05689550018584943;
 0.1871467873931732;
 -0.01627811126068586]
[-0.9909186482891976;
 -0.004231458440873036;
 0.1343961578028653]
Frame 202:
[-0.05689550018584943;
 0.1871467873931732;
 -0.01627811126068586]
[-0.9909186482891976;
 -0.004231458440873036;
 0.1343961578028653]
Frame 203:
[-0.05689550018584943;
 0.1871467873931732;
 -0.01627811126068586]
[-0.9909186482891976;
 -0.004231458440873036;
 0.1343961578028653]
Frame 204:
[-0.05689550018584943;
 0.1871467873931732;
 -0.01627811126068586]
[-0.9909186482891976;
 -0.004231458440873036;
 0.1343961578028653]
Frame 205:
[-0.05689550018584943;
 0.1871467873931732;
 -0.01627811126068586]
[-0.9909186482891976;
 -0.004231458440873036;
 0.1343961578028653]
Frame 206:
[-0.05689550018584943;
 0.1871467873931732;
 -0.01627811126068586]
[-0.9909186482891976;
 -0.004231458440873036;
 0.1343961578028653]
Frame 207:
[-0.05689550018584943;
 0.1871467873931732;
 -0.01627811126068586]
[-0.9909186482891976;
 -0.004231458440873036;
 0.1343961578028653]
Frame 208:
[-0.05689550018584943;
 0.1871467873931732;
 -0.01627811126068586]
[-0.9909186482891976;
 -0.004231458440873036;
 0.1343961578028653]
Frame 209:
[-0.05689550018584943;
 0.1871467873931732;
 -0.01627811126068586]
[-0.9909186482891976;
 -0.004231458440873036;
 0.1343961578028653]
Frame 210:
[-0.05689550018584943;
 0.1871467873931732;
 -0.01627811126068586]
[-0.9909186482891976;
 -0.004231458440873036;
 0.1343961578028653]
Frame 211:
[-0.05689550018584943;
 0.1871467873931732;
 -0.01627811126068586]
[-0.9909186482891976;
 -0.004231458440873036;
 0.1343961578028653]
Frame 212:
[-0.05689550018584943;
 0.1871467873931732;
 -0.01627811126068586]
[-0.9909186482891976;
 -0.004231458440873036;
 0.1343961578028653]
Frame 213:
[-0.05689550018584943;
 0.1871467873931732;
 -0.01627811126068586]
[-0.9909186482891976;
 -0.004231458440873036;
 0.1343961578028653]
Frame 214:
[-0.05689550018584943;
 0.1871467873931732;
 -0.01627811126068586]
[-0.9909186482891976;
 -0.004231458440873036;
 0.1343961578028653]
Frame 215:
[-0.05689550018584943;
 0.1871467873931732;
 -0.01627811126068586]
[-0.9909186482891976;
 -0.004231458440873036;
 0.1343961578028653]
Frame 216:
[-0.09835862769574606;
 0.03979663012402403;
 -0.007450994511670615]
[-0.193603472378205;
 -0.7762488789410359;
 -0.5999628100356611]
Frame 217:
[-0.09835862769574606;
 0.03979663012402403;
 -0.007450994511670615]
[-0.193603472378205;
 -0.7762488789410359;
 -0.5999628100356611]
Frame 218:
[-0.09835862769574606;
 0.03979663012402403;
 -0.007450994511670615]
[-0.193603472378205;
 -0.7762488789410359;
 -0.5999628100356611]
Frame 219:
[-0.09835862769574606;
 0.03979663012402403;
 -0.007450994511670615]
[-0.193603472378205;
 -0.7762488789410359;
 -0.5999628100356611]
Frame 220:
[-0.09835862769574606;
 0.03979663012402403;
 -0.007450994511670615]
[-0.193603472378205;
 -0.7762488789410359;
 -0.5999628100356611]
Frame 221:
[-0.09835862769574606;
 0.03979663012402403;
 -0.007450994511670615]
[-0.193603472378205;
 -0.7762488789410359;
 -0.5999628100356611]
Frame 222:
[-0.09835862769574606;
 0.03979663012402403;
 -0.007450994511670615]
[-0.193603472378205;
 -0.7762488789410359;
 -0.5999628100356611]
Frame 223:
[-0.09835862769574606;
 0.03979663012402403;
 -0.007450994511670615]
[-0.193603472378205;
 -0.7762488789410359;
 -0.5999628100356611]
Frame 224:
[-0.09835862769574606;
 0.03979663012402403;
 -0.007450994511670615]
[-0.193603472378205;
 -0.7762488789410359;
 -0.5999628100356611]
Frame 225:
[-0.09835862769574606;
 0.03979663012402403;
 -0.007450994511670615]
[-0.193603472378205;
 -0.7762488789410359;
 -0.5999628100356611]
Frame 226:
[-0.09835862769574606;
 0.03979663012402403;
 -0.007450994511670615]
[-0.193603472378205;
 -0.7762488789410359;
 -0.5999628100356611]
Frame 227:
[-0.09835862769574606;
 0.03979663012402403;
 -0.007450994511670615]
[-0.193603472378205;
 -0.7762488789410359;
 -0.5999628100356611]
Frame 228:
[-0.09835862769574606;
 0.03979663012402403;
 -0.007450994511670615]
[-0.193603472378205;
 -0.7762488789410359;
 -0.5999628100356611]
Frame 229:
[-0.09835862769574606;
 0.03979663012402403;
 -0.007450994511670615]
[-0.193603472378205;
 -0.7762488789410359;
 -0.5999628100356611]
Frame 230:
[-0.09835862769574606;
 0.03979663012402403;
 -0.007450994511670615]
[-0.193603472378205;
 -0.7762488789410359;
 -0.5999628100356611]
Frame 231:
[-0.09835862769574606;
 0.03979663012402403;
 -0.007450994511670615]
[-0.193603472378205;
 -0.7762488789410359;
 -0.5999628100356611]
Frame 232:
[-0.09835862769574606;
 0.03979663012402403;
 -0.007450994511670615]
[-0.193603472378205;
 -0.7762488789410359;
 -0.5999628100356611]
Frame 233:
[-0.09835862769574606;
 0.03979663012402403;
 -0.007450994511670615]
[-0.193603472378205;
 -0.7762488789410359;
 -0.5999628100356611]
Frame 234:
[-0.09835862769574606;
 0.03979663012402403;
 -0.007450994511670615]
[-0.193603472378205;
 -0.7762488789410359;
 -0.5999628100356611]
Frame 235:
[-0.09835862769574606;
 0.03979663012402403;
 -0.007450994511670615]
[-0.193603472378205;
 -0.7762488789410359;
 -0.5999628100356611]
Frame 236:
[-0.09835862769574606;
 0.03979663012402403;
 -0.007450994511670615]
[-0.193603472378205;
 -0.7762488789410359;
 -0.5999628100356611]
Frame 237:
[-0.09835862769574606;
 0.03979663012402403;
 -0.007450994511670615]
[-0.193603472378205;
 -0.7762488789410359;
 -0.5999628100356611]
Frame 238:
[-0.09835862769574606;
 0.03979663012402403;
 -0.007450994511670615]
[-0.193603472378205;
 -0.7762488789410359;
 -0.5999628100356611]
Frame 239:
[-0.09835862769574606;
 0.03979663012402403;
 -0.007450994511670615]
[-0.193603472378205;
 -0.7762488789410359;
 -0.5999628100356611]
Frame 240:
[-0.09835862769574606;
 0.03979663012402403;
 -0.007450994511670615]
[-0.193603472378205;
 -0.7762488789410359;
 -0.5999628100356611]
Frame 241:
[-0.09835862769574606;
 0.03979663012402403;
 -0.007450994511670615]
[-0.193603472378205;
 -0.7762488789410359;
 -0.5999628100356611]
Frame 242:
[-0.09835862769574606;
 0.03979663012402403;
 -0.007450994511670615]
[-0.193603472378205;
 -0.7762488789410359;
 -0.5999628100356611]
Frame 243:
[-0.09835862769574606;
 0.03979663012402403;
 -0.007450994511670615]
[-0.193603472378205;
 -0.7762488789410359;
 -0.5999628100356611]
Frame 244:
[-0.09835862769574606;
 0.03979663012402403;
 -0.007450994511670615]
[-0.193603472378205;
 -0.7762488789410359;
 -0.5999628100356611]
Frame 245:
[-0.09835862769574606;
 0.03979663012402403;
 -0.007450994511670615]
[-0.193603472378205;
 -0.7762488789410359;
 -0.5999628100356611]
Frame 246:
[-0.09835862769574606;
 0.03979663012402403;
 -0.007450994511670615]
[-0.193603472378205;
 -0.7762488789410359;
 -0.5999628100356611]
Frame 247:
[-0.09835862769574606;
 0.03979663012402403;
 -0.007450994511670615]
[-0.193603472378205;
 -0.7762488789410359;
 -0.5999628100356611]
Frame 248:
[-0.09835862769574606;
 0.03979663012402403;
 -0.007450994511670615]
[-0.193603472378205;
 -0.7762488789410359;
 -0.5999628100356611]
Frame 249:
[-0.09835862769574606;
 0.03979663012402403;
 -0.007450994511670615]
[-0.193603472378205;
 -0.7762488789410359;
 -0.5999628100356611]
Frame 250:
[-0.09835862769574606;
 0.03979663012402403;
 -0.007450994511670615]
[-0.193603472378205;
 -0.7762488789410359;
 -0.5999628100356611]
Frame 251:
[-0.09835862769574606;
 0.03979663012402403;
 -0.007450994511670615]
[-0.193603472378205;
 -0.7762488789410359;
 -0.5999628100356611]
Frame 252:
[-0.09835862769574606;
 0.03979663012402403;
 -0.007450994511670615]
[-0.193603472378205;
 -0.7762488789410359;
 -0.5999628100356611]
Frame 253:
[-0.09835862769574606;
 0.03979663012402403;
 -0.007450994511670615]
[-0.193603472378205;
 -0.7762488789410359;
 -0.5999628100356611]
Frame 254:
[-0.09835862769574606;
 0.03979663012402403;
 -0.007450994511670615]
[-0.193603472378205;
 -0.7762488789410359;
 -0.5999628100356611]
Frame 255:
[-0.09835862769574606;
 0.03979663012402403;
 -0.007450994511670615]
[-0.193603472378205;
 -0.7762488789410359;
 -0.5999628100356611]
Frame 256:
[-0.09835862769574606;
 0.03979663012402403;
 -0.007450994511670615]
[-0.193603472378205;
 -0.7762488789410359;
 -0.5999628100356611]
Frame 257:
[-0.09835862769574606;
 0.03979663012402403;
 -0.007450994511670615]
[-0.193603472378205;
 -0.7762488789410359;
 -0.5999628100356611]
Frame 258:
[-0.09835862769574606;
 0.03979663012402403;
 -0.007450994511670615]
[-0.193603472378205;
 -0.7762488789410359;
 -0.5999628100356611]
Frame 259:
[-0.09835862769574606;
 0.03979663012402403;
 -0.007450994511670615]
[-0.193603472378205;
 -0.7762488789410359;
 -0.5999628100356611]
Frame 260:
[-0.09835862769574606;
 0.03979663012402403;
 -0.007450994511670615]
[-0.193603472378205;
 -0.7762488789410359;
 -0.5999628100356611]
Frame 261:
[-0.09835862769574606;
 0.03979663012402403;
 -0.007450994511670615]
[-0.193603472378205;
 -0.7762488789410359;
 -0.5999628100356611]
Frame 262:
[-0.09835862769574606;
 0.03979663012402403;
 -0.007450994511670615]
[-0.193603472378205;
 -0.7762488789410359;
 -0.5999628100356611]
Frame 263:
[-0.09835862769574606;
 0.03979663012402403;
 -0.007450994511670615]
[-0.193603472378205;
 -0.7762488789410359;
 -0.5999628100356611]
Frame 264:
[-0.09835862769574606;
 0.03979663012402403;
 -0.007450994511670615]
[-0.193603472378205;
 -0.7762488789410359;
 -0.5999628100356611]
Frame 265:
[-0.09835862769574606;
 0.03979663012402403;
 -0.007450994511670615]
[-0.193603472378205;
 -0.7762488789410359;
 -0.5999628100356611]
Frame 266:
[-0.09835862769574606;
 0.03979663012402403;
 -0.007450994511670615]
[-0.193603472378205;
 -0.7762488789410359;
 -0.5999628100356611]
Frame 267:
[-0.09835862769574606;
 0.03979663012402403;
 -0.007450994511670615]
[-0.193603472378205;
 -0.7762488789410359;
 -0.5999628100356611]
Frame 268:
[-0.072205457044482;
 0.07297676248949064;
 0.03223082773196745]
[0.05998299825948397;
 -0.5157135086421261;
 -0.8552065901290644]
Frame 269:
[-0.07418863638887359;
 0.07271930239402256;
 0.03407727185323654]
[0.05058402917676277;
 -0.5145597051023957;
 -0.852381347086752]
Frame 270:
[-0.07773457230091903;
 0.0673372938500711;
 0.03691574934349123]
[0.02333130103711267;
 -0.4874563899164333;
 -0.8250736107100674]
Frame 271:
[-0.08220952498126446;
 0.07139614635868305;
 0.03548907329069864]
[0.0162451860248486;
 -0.4789173438979534;
 -0.8037245622674227]
Frame 272:
[-0.08364683260651899;
 0.07147032986440631;
 0.03452549134938854]
[0.01184273575235505;
 -0.4701580514290544;
 -0.786235306746873]
Frame 273:
[-0.08264854328647112;
 0.07163557839758497;
 0.03262230878898114]
[0.009508959690964052;
 -0.4634675627311877;
 -0.7640612079057774]
Frame 274:
[-0.08477884704456096;
 0.07177177350981558;
 0.03265804685907635]
[-0.002943688874486811;
 -0.4675415385922726;
 -0.7476931055607469]
Frame 275:
[-0.0859178968744498;
 0.06931370736347835;
 0.03254495787264567]
[-0.01382326053801252;
 -0.4628768492168518;
 -0.7313662291821246]
Frame 276:
[-0.08455528492904109;
 0.06728739290679953;
 0.03187779866585063]
[-0.02791172811337458;
 -0.4580813086954869;
 -0.7199301185006849]
Frame 277:
[-0.08334820923250461;
 0.06674156614158394;
 0.03305152361929306]
[-0.03621457409284545;
 -0.4609294624508788;
 -0.7142044231834443]
Frame 278:
[-0.08590933891880362;
 0.06689790862482464;
 0.03438707990332102]
[-0.05092303304226583;
 -0.4555387837353239;
 -0.7067030086064007]
Frame 279:
[-0.08799654796993223;
 0.06688437809084406;
 0.03706500402109644]
[-0.06662106164455373;
 -0.4439230876163587;
 -0.6980286254039352]
Frame 280:
[-0.0869581468791845;
 0.06831071726420207;
 0.03782145467608547]
[-0.07697333267962357;
 -0.4378464470220773;
 -0.6909489742323045]
Frame 281:
[-0.08647026145558408;
 0.07340095956272032;
 0.03623544376634233]
[-0.088728719641642;
 -0.4302487828186347;
 -0.6794251389402409]
Frame 282:
[-0.0804775673065939;
 0.07807465916603237;
 0.04302016602635206]
[-0.1011760184466611;
 -0.4375653065069357;
 -0.6676481505479669]
Frame 283:
[-0.08092643622829059;
 0.07801567538310961;
 0.03943156241983861]
[-0.1426539808170975;
 -0.4263712584958214;
 -0.657164220204658]
Frame 284:
[-0.07967943774690435;
 0.07744123541078028;
 0.0377834407329422]
[-0.1623535706851378;
 -0.4287764839785896;
 -0.6355607947695338]
Frame 285:
[-0.08090206281313135;
 0.07661251611511349;
 0.03544841164695796]
[-0.1903240971513296;
 -0.4292424866959724;
 -0.608609040421959]
Frame 286:
[-0.08478268766380993;
 0.06951279186621191;
 0.03300630962139987]
[-0.2284927315513038;
 -0.4278507673961376;
 -0.5604727032997716]
Frame 287:
[-0.08740587131842151;
 0.06416917926016778;
 0.03368280851781827]
[-0.2542067227676012;
 -0.4301884267384679;
 -0.5336200317210296]
Frame 288:
[-0.09063849880451125;
 0.05662612371224018;
 0.03335483772536132]
[-0.2871054055371222;
 -0.4240606890630009;
 -0.5014904247554435]
Frame 289:
[-0.08907382690343919;
 0.05074908877364503;
 0.03257360383691917]
[-0.3107789156301069;
 -0.4227216071708002;
 -0.4804006827174673]
Frame 290:
[-0.09140165161206376;
 0.0476963634219422;
 0.03326175710656261]
[-0.3330721719193614;
 -0.4161398919926622;
 -0.468285164604657]
Frame 291:
[-0.09415727383736543;
 0.04476295369144228;
 0.03382981482601743]
[-0.3476303359078308;
 -0.4035458822778674;
 -0.4634595819733233]
Frame 292:
[-0.09440981376291629;
 0.04509887156796454;
 0.03671311318455375]
[-0.3506584964450244;
 -0.399949234324363;
 -0.4665773895222807]
Frame 293:
[-0.09334797339548132;
 0.04479026383087799;
 0.03926336308007297]
[-0.3646334660777905;
 -0.4015118079738995;
 -0.4781918797555827]
Frame 294:
[-0.09269418254156549;
 0.04378256478708814;
 0.03997905030167541]
[-0.3829354314927139;
 -0.3977878184795562;
 -0.4874902373772529]
Frame 295:
[-0.09239315226947457;
 0.04227746942241479;
 0.03781881441562891]
[-0.3973560591893182;
 -0.4013424032283098;
 -0.4896067490028588]
Frame 296:
[-0.09101346563729858;
 0.04451457240208768;
 0.03862328301969171]
[-0.4120900806709648;
 -0.3990819220120703;
 -0.4947728271268969]
Frame 297:
[-0.09392945844174073;
 0.04976428434878488;
 0.0407084425890029]
[-0.4011447822639573;
 -0.3864662246190873;
 -0.4996109357802916]
Frame 298:
[-0.08846611570581042;
 0.05826974551435924;
 0.04988938985479699]
[-0.3802118397817988;
 -0.3645838409457698;
 -0.5079059595954329]
Frame 299:
[-0.09631871039452394;
 0.07478949889879793;
 0.06147711304790695]
[-0.3773657236931248;
 -0.3249680089801875;
 -0.516320977181806]
Frame 300:
[-0.1063722107990244;
 0.0667175692269162;
 0.05471555218114992]
[-0.3636334565858181;
 -0.2988767178962679;
 -0.5067938814867919]
Frame 301:
[-0.1024309147822502;
 0.06613826326907619;
 0.05312698453122892]
[-0.3660576768394539;
 -0.301899873636817;
 -0.5289302967759494]
Frame 302:
[-0.09833409345020885;
 0.06021016527419645;
 0.04545565015324821]
[-0.3775961461720466;
 -0.3133501141515462;
 -0.5195504845473536]
Frame 303:
[-0.09353441952434731;
 0.05322368101245758;
 0.04248292746823952]
[-0.3985389693522375;
 -0.3385960643295662;
 -0.506825729916518]
Frame 304:
[-0.09016653320763361;
 0.04823930107505011;
 0.0413891567022444]
[-0.4153849690924407;
 -0.3455666970711367;
 -0.4978567613289356]
Frame 305:
[-0.08624574278041565;
 0.04473087887362707;
 0.04084388027118514]
[-0.4250653002402761;
 -0.3572854268110926;
 -0.4861308822691529]
Frame 306:
[-0.08255590526562218;
 0.0401273203168722;
 0.03729805228057252]
[-0.4409013777317763;
 -0.3721895068910462;
 -0.4798800505725757]
Frame 307:
[-0.07883755560778131;
 0.03564654648518188;
 0.03585004367936285]
[-0.4619200709381052;
 -0.3757122573618937;
 -0.4753237138581358]
Frame 308:
[-0.07449328450206968;
 0.04199707885895476;
 0.02445302962259409]
[-0.4980229536783627;
 -0.3841351263264154;
 -0.470122489281675]
Frame 309:
[-0.07231748233024611;
 0.04536078682898745;
 0.02526348107128394]
[-0.5450402449342504;
 -0.4029090259367784;
 -0.4730207687726691]
Frame 310:
[-0.07182643576791232;
 0.0483881373942715;
 0.02049439021393401]
[-0.5867230388885184;
 -0.3935128891917108;
 -0.4719589687517713]
Frame 311:
[-0.06622438622948602;
 0.05951073350280233;
 0.02732967521905414]
[-0.6002801972343972;
 -0.4064892036925913;
 -0.4968911958756634]
Frame 312:
[-0.06427733905398531;
 0.06334703142246671;
 0.02668083530523313]
[-0.6167893978842399;
 -0.4125540022932696;
 -0.5203082099682149]
Frame 313:
[-0.0631576313200687;
 0.07089489738960845;
 0.01870329908446068]
[-0.6434532543235663;
 -0.4078780822350682;
 -0.5231209922953927]
Frame 314:
[-0.06397647769142108;
 0.08330563630232705;
 0.01922782458689216]
[-0.6674918732035772;
 -0.4020682840258386;
 -0.5281874000138131]
Frame 315:
[-0.06258346092365784;
 0.09215146910919099;
 0.02278914933455926]
[-0.6807139541166328;
 -0.402192761273343;
 -0.5374542915319279]
Frame 316:
[-0.06226920931794954;
 0.0993983886874214;
 0.02444327162333612]
[-0.6848657568903308;
 -0.4084177281366478;
 -0.5460594082364515]
Frame 317:
[-0.06611938176409383;
 0.09992525349721605;
 0.0263793133598526]
[-0.695629867344112;
 -0.4048283181064793;
 -0.5466987245483415]
Frame 318:
[-0.06836833667048565;
 0.1011466851938157;
 0.02952799437278015]
[-0.7022567827655678;
 -0.394145441341919;
 -0.5432133710806694]
Frame 319:
[-0.07240849901196322;
 0.09762535425667357;
 0.03573168600671763]
[-0.7187959078321174;
 -0.3971902997996244;
 -0.5301490273732233]
Frame 320:
[-0.07354484621886778;
 0.08670511263833243;
 0.03683339684778138]
[-0.7562668836518807;
 -0.3932740783748322;
 -0.5108912246711111]
Frame 321:
[-0.07290029676868716;
 0.08602819677376759;
 0.03704162144675042]
[-0.7800508835083466;
 -0.3949214133513824;
 -0.4990431068957832]
Frame 322:
[-0.08034489035890219;
 0.0921440281165373;
 0.03630064338973441]
[-0.8240485228353247;
 -0.3882911470577241;
 -0.4769173382224471]
Frame 323:
[-0.0828567026587488;
 0.09299150597451156;
 0.03589027379338541]
[-0.8748524788085322;
 -0.3883851640298218;
 -0.4635867329019049]
Frame 324:
[-0.08955049337778766;
 0.09074494130349861;
 0.03138275200715536]
[-0.9604005282037954;
 -0.386881534154784;
 -0.4349627107115694]
Frame 325:
[-0.09321845681396741;
 0.09219661139504343;
 0.03156901144437675]
[-0.9961602801903842;
 -0.3873311871834115;
 -0.4191220873758009]
Frame 326:
[-0.09401517087447142;
 0.09407418950133022;
 0.0306347005890528]
[-1.027813970923247;
 -0.3896377197258737;
 -0.4134076592209276]
Frame 327:
[-0.09505949044530265;
 0.09539944858926902;
 0.02889406449850524]
[-1.05776085355004;
 -0.3951486764340811;
 -0.4010111253243248]
Frame 328:
[-0.09364943743042833;
 0.09506811887482404;
 0.02784116549508766]
[-1.09445552306626;
 -0.3992390973087835;
 -0.3947440017732465]
Frame 329:
[-0.09412553380129846;
 0.09849966574399618;
 0.03002835251135135]
[-1.118963147782042;
 -0.4033344195621051;
 -0.388897246393574]
Frame 330:
[-0.09652126831473108;
 0.09998903945328602;
 0.0313095237486361]
[-1.137610865823161;
 -0.4015789562338439;
 -0.3810280867901605]
Frame 331:
[-0.09725338788322042;
 0.09876022599337897;
 0.03210273043862168]
[-1.16278904135202;
 -0.4018121676375624;
 -0.3695503579326022]
Frame 332:
[-0.09678073596185958;
 0.09860604374854162;
 0.03107473577861725]
[-1.182840475355165;
 -0.3988480518721388;
 -0.3662547696462261]
Frame 333:
[-0.09868301874792537;
 0.1005162900754196;
 0.03093150983473595]
[-1.197285768613463;
 -0.3983994059289546;
 -0.35994856491058]
Frame 334:
[-0.1030385471497856;
 0.1056813775603443;
 0.0295037333741391]
[-1.22895832680508;
 -0.3912170619670044;
 -0.3576804553531681]
Frame 335:
[-0.1062352110554499;
 0.09762804337094672;
 0.02722620912990351]
[-1.302388261060479;
 -0.3894412696003998;
 -0.3314008920579655]
Frame 336:
[-0.1096390392274131;
 0.09263368426735719;
 0.01987319939198806]
[-1.3694692917177;
 -0.3784119565587862;
 -0.323719256582541]
Frame 337:
[-0.1146873988434434;
 0.09169935228014624;
 0.02078347664709764]
[-1.412234175038062;
 -0.3710404483218711;
 -0.3235186671073689]
Frame 338:
[-0.1172422580649636;
 0.08980580287450476;
 0.02241450739009667]
[-1.447300580278052;
 -0.3685743045000337;
 -0.3144256374151668]
Frame 339:
[-0.1179503421095904;
 0.08808330875108789;
 0.02781957439462258]
[-1.487865660682949;
 -0.3714136097665546;
 -0.3124441365585652]
Frame 340:
[-0.1218789276036232;
 0.08429441237871231;
 0.02659809220241864]
[-1.519631189067592;
 -0.3683585727040541;
 -0.3109224021435482]
Frame 341:
[-0.1206794048103615;
 0.08287198369653201;
 0.02689865939189106]
[-1.535449234286516;
 -0.3716887385775224;
 -0.3175932497743387]
Frame 342:
[-0.1216341663470466;
 0.08150835111229301;
 0.02733071010165141]
[-1.563803536190725;
 -0.3732352804678016;
 -0.3162161072427237]
Frame 343:
[-0.1195996896926115;
 0.08213467464033068;
 0.02955321690368322]
[-1.597943502586915;
 -0.3787152192559511;
 -0.3115289827241476]
Frame 344:
[-0.1182860432911176;
 0.08587828974938948;
 0.0301423888480877]
[-1.634553621326756;
 -0.3728928735538179;
 -0.3215839679196054]
Frame 345:
[-0.1204162231862596;
 0.0934457974955466;
 0.02980821416607003]
[-1.669471531617689;
 -0.3653316419380844;
 -0.3164650427741659]
Frame 346:
[-0.1216752837603953;
 0.1034663365409709;
 0.02711308154806936]
[-1.705951973001418;
 -0.349977514961007;
 -0.30993716085605]
Frame 347:
[-0.1214475283269386;
 0.1108476952554699;
 0.02667666416010185]
[-1.756119142637481;
 -0.3542907278150498;
 -0.3030388446318054]
Frame 348:
[-0.1180107018417965;
 0.124276753966671;
 0.02536591620307729]
[-1.78692477033984;
 -0.3602382816692331;
 -0.2937564514478457]
Frame 349:
[-0.1175588773268448;
 0.1494908347940878;
 0.02104653531236555]
[-1.815374982582048;
 -0.3530560297745772;
 -0.2598166696922605]
Frame 350:
[-0.1141867885180582;
 0.1729732197522695;
 0.02715664098299153]
[-1.859558408132417;
 -0.3645841456579362;
 -0.2503031103799318]
Frame 351:
[-0.1090622042140611;
 0.1805019269505683;
 0.03027395986042435]
[-1.882770595869594;
 -0.3737157508609936;
 -0.2533817886769245]
Frame 352:
[-0.09936964818925929;
 0.2012998354088352;
 0.03674041057779748]
[-1.908262693537457;
 -0.3843609332239864;
 -0.2595497218999965]
Frame 353:
[-0.09754135675409956;
 0.218319996882683;
 0.03286803726195467]
[-1.933265462713547;
 -0.3640536832654439;
 -0.243588950413715]
Frame 354:
[-0.09321860647810951;
 0.2303545126637261;
 0.03701932208368841]
[-1.956339409686471;
 -0.3707460140253713;
 -0.2360937447374322]
Frame 355:
[-0.08972429627899108;
 0.2376063654705876;
 0.04368787555924408]
[-1.973022560617603;
 -0.3819860968521608;
 -0.2418275311930477]
Frame 356:
[-0.08502186639306877;
 0.2538843377581734;
 0.03135277129199616]
[-2.012715818514893;
 -0.3601435875060946;
 -0.219693898841871]
Frame 357:
[-0.08515766198370781;
 0.2591677754397381;
 0.03133590280390007]
[-2.042033726425107;
 -0.3599338955206386;
 -0.2114168032474792]
Frame 358:
[-0.08446144222620158;
 0.2601263479528346;
 0.03537931403484051]
[-2.063448782941041;
 -0.3718877933846036;
 -0.2059831234996318]
Frame 359:
[-0.08623727923963524;
 0.2605713997011924;
 0.03973237437807603]
[-2.10729797345937;
 -0.3697638598413171;
 -0.1754082896903979]
Frame 360:
[-0.08410843805317746;
 0.2556626921808458;
 0.04186033972782955]
[-2.148817808238236;
 -0.3876743410713747;
 -0.1603101824605273]
Frame 361:
[-0.08215141885278801;
 0.2556588778370987;
 0.04364246162501152]
[-2.179925244996638;
 -0.3940114967992972;
 -0.1471652628073205]
Frame 362:
[-0.08644871382161583;
 0.253977052495597;
 0.04764512816415086]
[-2.213212681828375;
 -0.3967514565187557;
 -0.1315572156892558]
Frame 363:
[-0.08943692793515376;
 0.2521177112423725;
 0.05087063703073812]
[-2.231821819500427;
 -0.3919328545530631;
 -0.125382111167596]
Frame 364:
[-0.09240277956436223;
 0.2509703545600519;
 0.05215942062657158]
[-2.257661506395941;
 -0.3920220398597069;
 -0.1094288766018415]
Frame 365:
[-0.09518293570031833;
 0.2517133991414789;
 0.05101752855533873]
[-2.279761284025267;
 -0.3878764714641017;
 -0.09073858028078451]
Frame 366:
[-0.09455856828247154;
 0.2525092062595875;
 0.05282441182711019]
[-2.301141221506389;
 -0.3927436726862684;
 -0.07431076723304202]
Frame 367:
[-0.09261267955881064;
 0.2721995769326607;
 0.04309197036198972]
[-2.338520296484139;
 -0.367291267480176;
 -0.03408057623030421]
Frame 368:
[-0.09540321187881708;
 0.3008090659099174;
 0.02545160380988163]
[-2.366511222643233;
 -0.3032925256053698;
 0.06180929239693497]
Frame 369:
[-0.09849287816461547;
 0.3379850651203412;
 0.009157158525888187]
[-2.350481092547006;
 -0.2660384770501023;
 0.1707230421182361]
Frame 370:
[-0.08947452084544494;
 0.3524408906237506;
 0.01425692247078481]
[-2.378793885536274;
 -0.2406560013867677;
 0.1948153229406519]
Frame 371:
[-0.08587614479236448;
 0.3544561112327357;
 0.01789059466026628]
[-2.39130743245784;
 -0.2422981056943012;
 0.1997269814616125]
Frame 372:
[-0.08884888678241006;
 0.353609327265165;
 0.02012393803395656]
[-2.424768043808967;
 -0.2438883997851773;
 0.2057595555718795]
Frame 373:
[-0.0912219988610853;
 0.358914156909481;
 0.01999922528092706]
[-2.446341827026759;
 -0.2387480335926763;
 0.2174494703693167]
Frame 374:
[-0.09206573374223281;
 0.3662835114126061;
 0.02056813290397187]
[-2.469796743880686;
 -0.2248097957357489;
 0.2356211647572726]
Frame 375:
[-0.09385786998803147;
 0.3712392596385898;
 0.02066321466404452]
[-2.468671661462209;
 -0.2231453524285958;
 0.2642874209228814]
Frame 376:
[-0.0986677236536509;
 0.3925508732475747;
 -0.008961847595236209]
[-2.476143244387596;
 -0.1338032531992194;
 0.3493364719422888]
Frame 377:
[-0.08836548956133299;
 0.3994872055712634;
 -0.001798587783651898]
[-2.516007405285742;
 -0.1426775755006384;
 0.374588389530726]
Frame 378:
[-0.08571444867935207;
 0.402108634954187;
 0.002350323958700512]
[-2.527668880779727;
 -0.1442705499389374;
 0.3973182416749503]
Frame 379:
[-0.08443553833152882;
 0.4019983688353183;
 0.001826449422243922]
[-2.539370150725955;
 -0.1401705170852651;
 0.4108195652267098]
Frame 380:
[-0.07985422168741725;
 0.4093844457251639;
 -0.001510388777040832]
[-2.554882948683039;
 -0.1296595885097914;
 0.4564124992513606]
Frame 381:
[-0.07782011068801714;
 0.4067344481482576;
 0.005672350997156275]
[-2.569686393673199;
 -0.1403342705430644;
 0.4640584570516691]
Frame 382:
[-0.07898594255053226;
 0.4038197846680752;
 0.01317815123502241]
[-2.582269488434037;
 -0.1466509575801016;
 0.4722821135547752]
Frame 383:
[-0.08147647493641233;
 0.4023403668497565;
 0.01257227809727172]
[-2.586242219063636;
 -0.1348603319401894;
 0.4745740774809999]
Frame 384:
[-0.08196530811353217;
 0.4151380335120206;
 0.01188873800035584]
[-2.636392858567178;
 -0.1270066366323398;
 0.4824937215944742]
Frame 385:
[-0.08305947923846452;
 0.4140726187167494;
 0.01437813083973227]
[-2.627618079730974;
 -0.1280143504701753;
 0.4865757570762618]
Frame 386:
[-0.08472016259606678;
 0.4166984998947694;
 0.01472663027131903]
[-2.63253638242067;
 -0.1022273141794325;
 0.4876631854902542]
Frame 387:
[-0.08883691816923517;
 0.4130250074681484;
 0.01702145765705092]
[-2.612997452989427;
 -0.1076865699158205;
 0.4958432240990079]
Frame 388:
[-0.09006066225796756;
 0.4147704946556855;
 0.01821200529401565]
[-2.603543767700817;
 -0.09799699866958207;
 0.4938241274457699]
Frame 389:
[-0.09015837545889197;
 0.4174173311054929;
 0.01810315330472117]
[-2.582779413482381;
 -0.07285043864652631;
 0.4912640444265051]
Frame 390:
[-0.09002476959988195;
 0.4203677258619393;
 0.0187598333969334]
[-2.570172385161337;
 -0.06133818293085262;
 0.4912115549148948]
Frame 391:
[-0.08774272451289179;
 0.4225435148231206;
 0.0192049570308431]
[-2.540451975935539;
 -0.05826618603934935;
 0.4885167821192755]
Frame 392:
[-0.08393156600625144;
 0.423125171068137;
 0.01603748987339193]
[-2.503408160650221;
 -0.05579342139834531;
 0.4706587766083385]
Frame 393:
[-0.0808334323655425;
 0.4230087613598046;
 0.0112075208578771]
[-2.466107154427472;
 -0.05453848570829626;
 0.4480324475907788]
Frame 394:
[-0.08070269933841621;
 0.4235017028673906;
 0.01038618543127093]
[-2.389507657530837;
 -0.046949956234873;
 0.4307193086265703]
Frame 395:
[-0.0781817362873747;
 0.4304802324692916;
 0.01077109084727874]
[-2.361018295123695;
 -0.03211737597044929;
 0.4230580895421562]
Frame 396:
[-0.07811942994610109;
 0.4276502308121786;
 0.005659734601117707]
[-2.301736777405153;
 -0.01120042881932296;
 0.4131587519392965]
Frame 397:
[-0.07366438696171942;
 0.4234882505821603;
 0.002930573337959028]
[-2.242904504550899;
 -0.006645015019954422;
 0.3870885749541546]
Frame 398:
[-0.07283982596280589;
 0.4151217342003927;
 0.0004942311494995862]
[-2.173409012209207;
 0.01725561160869494;
 0.3476779883934207]
Frame 399:
[-0.07916321158069169;
 0.4039163824975507;
 -0.002613290057925154]
[-2.047823406843071;
 0.02788220362636382;
 0.2962035506604947]
Frame 400:
[-0.07761455254685747;
 0.3978504097964212;
 -0.003020319872899788]
[-1.976435291207871;
 0.0331455678094528;
 0.2582410732730013]
Frame 401:
[-0.0755238605556091;
 0.3830844915607966;
 -0.007646113908380414]
[-1.892709159676941;
 0.04416871273382465;
 0.1938347501639405]
Frame 402:
[-0.0796952490966462;
 0.3741690816597639;
 -0.01706074189668814]
[-1.803855393172133;
 0.07707117270763074;
 0.1654009624936898]
Frame 403:
[-0.0902006275170545;
 0.3562952203638187;
 -0.02084868243680524]
[-1.753336810649669;
 0.06325001079394908;
 0.1323297386381886]
Frame 404:
[-0.08132961825683066;
 0.2966417362096561;
 -0.008117098416031934]
[-1.694103785965283;
 -0.02757272699481219;
 -0.05362667745407964]
Frame 405:
[-0.07860659935832977;
 0.2764979134863407;
 -0.01250860379122278]
[-1.653746038719395;
 -0.009716150557418757;
 -0.07532019147825816]
Frame 406:
[-0.07571937879198772;
 0.2676595587173004;
 -0.01986189526948406]
[-1.585053075148402;
 0.0002642554682793297;
 -0.1219702050964381]
Frame 407:
[-0.07619984586876657;
 0.2588926521828409;
 -0.01948533117454829]
[-1.537513705618939;
 0.001362598065323039;
 -0.1547188388886517]
Frame 408:
[-0.06805456809888238;
 0.2460910663991253;
 -0.02440216058220175]
[-1.469888085985008;
 -0.008454695040562512;
 -0.1972868855053387]
Frame 409:
[-0.05813912152993662;
 0.2383876774574367;
 -0.0201554862459966]
[-1.39309849019352;
 -0.02304856889249188;
 -0.2360838974054619]
Frame 410:
[-0.05668770785049209;
 0.2356702569253355;
 -0.01607504545865745]
[-1.327123152743202;
 -0.02888536273200739;
 -0.2583975974798368]
Frame 411:
[-0.05280045056638836;
 0.2279134109767793;
 -0.01199405203663231]
[-1.271614506634941;
 -0.04983981733435302;
 -0.2685459688311148]
Frame 412:
[-0.05002929910734729;
 0.2188232621823557;
 -0.009141502393426119]
[-1.210077100351519;
 -0.0612085863298947;
 -0.2614612163930464]
Frame 413:
[-0.05074078240288356;
 0.2131817228596961;
 -0.005590278099687904]
[-1.158110665806555;
 -0.06680764160358449;
 -0.2386447753889794]
Frame 414:
[-0.05329356211536849;
 0.2032466258446476;
 -0.003919237795762635]
[-1.123671480062348;
 -0.07448516507605304;
 -0.2237836426151339]
Frame 415:
[-0.05314756915039855;
 0.1884644502575098;
 -0.0004486187766512238]
[-1.1071512533909;
 -0.07723876052319917;
 -0.2258261786012095]
Frame 416:
[-0.05351265011056874;
 0.1839317555560982;
 0.003613344000835255]
[-1.062060064636153;
 -0.07921662322460273;
 -0.2113395166108797]
Frame 417:
[-0.05303746032113943;
 0.1756402350566065;
 0.003311177254876036]
[-1.021927086053559;
 -0.08527278069059563;
 -0.2048795543085069]
Frame 418:
[-0.04924681175373559;
 0.1579074200440556;
 -0.005194027346059246]
[-0.9822499539634548;
 -0.09654445975674072;
 -0.2127818336531143]
Frame 419:
[-0.05134879608079069;
 0.1441671407592058;
 -0.00646393070932304]
[-0.9272965319099024;
 -0.09452603301304563;
 -0.2123656185253722]
Frame 420:
[-0.04858022825718352;
 0.1369656700004306;
 -0.001414439993125778]
[-0.8768279843255852;
 -0.1011088963439944;
 -0.2014658231003523]
Frame 421:
[-0.04728341690405339;
 0.1308545574226528;
 -0.004371569468176918]
[-0.8350919758063957;
 -0.1088279861447471;
 -0.1981962094278507]
Frame 422:
[-0.04320020433515161;
 0.1279526257406481;
 -0.009720486267921571]
[-0.7741482276560204;
 -0.1234524007644715;
 -0.2137639820477858]
Frame 423:
[-0.04494873461980711;
 0.1233823783638317;
 -0.01501394793093716]
[-0.7184690223063555;
 -0.1161244091252812;
 -0.2263708355376143]
Frame 424:
[-0.04558860271920942;
 0.1203644153800729;
 -0.02031555586966975]
[-0.6553247388594003;
 -0.1267080863413867;
 -0.2210600185900731]
Frame 425:
[-0.04272827435547616;
 0.1122968722477332;
 -0.02753786892589306]
[-0.6081735225123424;
 -0.1355247772500255;
 -0.2178836115206886]
Frame 426:
[-0.04103795151722076;
 0.09780530632645058;
 -0.02792848362728608]
[-0.5454508219144437;
 -0.1467379977182333;
 -0.2233969305803208]
Frame 427:
[-0.03719957824898708;
 0.0884346535510836;
 -0.03216883731367052]
[-0.4971669110322617;
 -0.1552500427237907;
 -0.2650596769795533]
Frame 428:
[-0.03833930762692604;
 0.08140123849757008;
 -0.02721715262728105]
[-0.4333017110408333;
 -0.1428470259710644;
 -0.3450764298929587]
Frame 429:
[-0.03206317246846122;
 0.06952986039409088;
 -0.01902840730815378]
[-0.3705810609891478;
 -0.1436383817377011;
 -0.4393562600435113]
Frame 430:
[-0.03258105121036928;
 0.06699945124413312;
 -0.009963296465008979]
[-0.2374323814994203;
 -0.1443333055731113;
 -0.4746181274803781]
Frame 431:
[-0.03637329871149914;
 0.06532328638251322;
 -0.01008467706190931]
[-0.1931983442292812;
 -0.1242685799469126;
 -0.5135008276430285]
Frame 432:
[-0.03451019226470439;
 0.05396363160011293;
 -0.01186728098642779]
[-0.1458315969401238;
 -0.068435455585627;
 -0.5052121047169245]
Frame 433:
[-0.03572139526430446;
 0.05179616566950243;
 -0.006704343148575561]
[-0.1219737704101919;
 -0.1106677941117795;
 -0.516401369538003]
Frame 434:
[-0.03736191589171436;
 0.04762562046079932;
 -0.01295027077310521]
[-0.08259689423437994;
 -0.1337484533043316;
 -0.5155266089410859]
Frame 435:
[-0.03962935037895151;
 0.03630158433556728;
 -0.008615053586814143]
[-0.05277529752861865;
 -0.1147076947976029;
 -0.4926706187166048]
Frame 436:
[-0.04381238260424974;
 0.02418817482742033;
 -0.007300212407148799]
[0.01007038071429276;
 -0.1325772430736553;
 -0.4523419353016898]
Frame 437:
[-0.05150175418334055;
 0.007600289126662118;
 -0.01320312944950007]
[0.05678926278676077;
 -0.140413825394743;
 -0.3861352259255991]
Frame 438:
[-0.0454429405621418;
 0.002105062410051224;
 -0.01858165678346508]
[0.1396385712792262;
 -0.1375071884947069;
 -0.348621930966593]
Frame 439:
[-0.0628913924668205;
 0.004755835788808233;
 -0.008038827157558029]
[0.2329132731493852;
 -0.1582271787736199;
 -0.327679146036598]
Frame 440:
[-0.07980802750387972;
 0.01767349171141504;
 -0.0246211437050558]
[0.2817312834436228;
 -0.1516538351073716;
 -0.3211258794153901]
Frame 441:
[-0.1067631227291637;
 0.02342094296682062;
 -0.04643402723382033]
[0.3259340977241717;
 -0.1738471025512084;
 -0.2931374789391254]
Frame 442:
[-0.1125544279787308;
 0.02881747486553342;
 -0.06055028407121691]
[0.3425113035027617;
 -0.1893074033085519;
 -0.2984840565333201]
Frame 443:
[-0.1175381901854292;
 0.03269888147001029;
 -0.07057878658164496]
[0.3761747545113689;
 -0.2071322657823058;
 -0.2988679231926177]
Frame 444:
[-0.1186575282084664;
 0.03254409041254517;
 -0.06924714544753394]
[0.4072360850826124;
 -0.2274724120066105;
 -0.3129151031840078]
Frame 445:
[-0.1064684906080205;
 0.02461741812753588;
 -0.05278118176966634]
[0.4704756481377153;
 -0.2518571841464088;
 -0.3233092923658021]
Frame 446:
[-0.1004618482695809;
 0.02560807254746496;
 -0.0530116118630989]
[0.5162572289998586;
 -0.2760371654460371;
 -0.3265300513361652]
Frame 447:
[-0.1011991880772862;
 0.02765472851981144;
 -0.05542355911287613]
[0.5334098018350039;
 -0.2778681081185349;
 -0.3347809181818138]
Frame 448:
[-0.1011655521628702;
 0.03276464734999713;
 -0.060164046465314]
[0.5574436381208037;
 -0.2730516281888553;
 -0.3502955841430423]
Frame 449:
[-0.1072383436560947;
 0.04069275906653202;
 -0.06139586200178795]
[0.5945427962970221;
 -0.3015498969120599;
 -0.3814768489266562]
Frame 450:
[-0.1183792835871395;
 0.03174559787521069;
 -0.05198836238419693]
[0.617908107843202;
 -0.3287483124005489;
 -0.3623943407228502]
Frame 451:
[-0.1187506489630385;
 0.00605461737131515;
 -0.04355114908103942]
[0.6329487299126885;
 -0.2995035223260585;
 -0.3274063089649759]
Frame 452:
[-0.1247451881692305;
 -0.007934949948026798;
 -0.04896344270939725]
[0.6277210303728841;
 -0.3079468461918943;
 -0.2993393634654641]
Frame 453:
[-0.1245769401863938;
 -0.01900236914989138;
 -0.04253063840659849]
[0.6356533352270601;
 -0.2903207417907835;
 -0.282534296224469]
Frame 454:
[-0.1272452754673553;
 -0.02702968270949074;
 -0.03876544786654375]
[0.6503455645663849;
 -0.2919952450906296;
 -0.2655366399891649]
Frame 455:
[-0.1265719558698006;
 -0.03907806584134164;
 -0.04248202864457053]
[0.6642570201348619;
 -0.2737218636651376;
 -0.2441402934019035]
Frame 456:
[-0.126067212791868;
 -0.03830248390592406;
 -0.0478083363044483]
[0.6784276264371289;
 -0.2748362991399341;
 -0.2459108327228118]
Frame 457:
[-0.1253945841405402;
 -0.04871862475994999;
 -0.03572691896123328]
[0.7254966079287803;
 -0.2640357157305101;
 -0.2341037813339603]
Frame 458:
[-0.1279164680069443;
 -0.04976324557686435;
 -0.03335742010762351]
[0.7532874709181747;
 -0.2732961080949917;
 -0.2296544638008276]
Frame 459:
[-0.1201134737184242;
 -0.06159152064232884;
 -0.02332881026638794]
[0.8039223947620876;
 -0.2938016286223626;
 -0.2108678648740848]
Frame 460:
[-0.1134065598674062;
 -0.06830135272748344;
 -0.01551694877993158]
[0.8185136598507754;
 -0.3080933349522875;
 -0.2070522357830365]
Frame 461:
[-0.1097439210567995;
 -0.06905655216486402;
 -0.004897234352363633]
[0.828479919008042;
 -0.3153084622850178;
 -0.2055471327911611]
Frame 462:
[-0.1018196607859244;
 -0.06923829871548134;
 0.007623640537521431]
[0.8544425775212371;
 -0.3295518527132069;
 -0.1939782733410241]
Frame 463:
[-0.09331617822077476;
 -0.07051750648279299;
 0.01719401247417044]
[0.8747783827359362;
 -0.3410286157988574;
 -0.1854355638974935]
Frame 464:
[-0.08708197317634571;
 -0.06434179516482355;
 0.02200448356455895]
[0.8815698833380144;
 -0.3575207396760257;
 -0.1990693475927484]
Frame 465:
[-0.08204843290786062;
 -0.05762656302015317;
 0.02701050389925305]
[0.8918451628501258;
 -0.3671744410929442;
 -0.2153891371788876]
Frame 466:
[-0.0805811085534065;
 -0.05380860774907429;
 0.02876928199170915]
[0.9091894099364451;
 -0.3703500662875845;
 -0.2226843535852608]
Frame 467:
[-0.07836516462070915;
 -0.04870043196183555;
 0.02982030337002532]
[0.9326960485136853;
 -0.3742707862731192;
 -0.2390804330995703]
Frame 468:
[-0.08126996602863273;
 -0.04741833944549254;
 0.02812634917239491]
[0.9481465272370145;
 -0.3889548082108982;
 -0.2419254895277463]
Frame 469:
[-0.07831857064356125;
 -0.04477683327952436;
 0.02532735447807003]
[0.9564758353556279;
 -0.3906391071345935;
 -0.2630879966258052]
Frame 470:
[-0.07900136341981601;
 -0.04536792749162928;
 0.03267635455080429]
[0.9762158614893556;
 -0.3994650043293294;
 -0.2811769013081725]
Frame 471:
[-0.08287560271917804;
 -0.05180763252188333;
 0.03419221994735069]
[1.000562981922195;
 -0.4096185678307813;
 -0.2762217766078812]
Frame 472:
[-0.07901181014082248;
 -0.06781302378916446;
 0.0338947076687221]
[1.010111635480624;
 -0.4186691543700428;
 -0.270899114111778]
Frame 473:
[-0.07957292875918837;
 -0.07752967486388988;
 0.04578700717937444]
[1.03335981502877;
 -0.4175210130273255;
 -0.2743078084563786]
Frame 474:
[-0.08231523557074416;
 -0.08200689549206398;
 0.05807906677886024]
[1.102140217188981;
 -0.3905889149314219;
 -0.2582273629452358]
Frame 475:
[-0.07826306559020939;
 -0.08828453594752771;
 0.05747048914772286]
[1.121349092885485;
 -0.3940416979044264;
 -0.2527837129718054]
Frame 476:
[-0.07390603232721898;
 -0.08493848689963529;
 0.05243928461850964]
[1.144718196546343;
 -0.4044653617373632;
 -0.2757197523858305]
Frame 477:
[-0.07163512888490885;
 -0.08409401100758795;
 0.05934526155864619]
[1.171055806981889;
 -0.3977175305369833;
 -0.2897925760464737]
Frame 478:
[-0.0741931682168163;
 -0.08036036186649599;
 0.05221668016317643]
[1.185044651924147;
 -0.4106796794732767;
 -0.3017342713314408]
Frame 479:
[-0.07571571251917683;
 -0.07605463737540165;
 0.04747344618591347]
[1.209637420008848;
 -0.4120116163298376;
 -0.3079630989609246]
Frame 480:
[-0.07598161366574635;
 -0.07036175984885923;
 0.04026102731392045]
[1.242185075714023;
 -0.4277991858990658;
 -0.3185757726951811]
Frame 481:
[-0.08141059472526591;
 -0.06683029546957488;
 0.04181180949525098]
[1.260489027707562;
 -0.4402345162024923;
 -0.3293859038059201]
Frame 482:
[-0.07968584333731953;
 -0.07878952452104543;
 0.04746675274042925]
[1.278357640387502;
 -0.4243038103843239;
 -0.3207382161035412]
Frame 483:
[-0.08075966843778729;
 -0.08104378012870078;
 0.05450904702968398]
[1.310357171203219;
 -0.4310582648039614;
 -0.3151972950757567]
Frame 484:
[-0.07294133635592054;
 -0.08826298305387816;
 0.0527063791086074]
[1.325236763516685;
 -0.4338537213050273;
 -0.3214617130338858]
Frame 485:
[-0.07481518678027592;
 -0.08975820877186438;
 0.0577391416894796]
[1.332466382610092;
 -0.4291959490431936;
 -0.3312445274958973]
Frame 486:
[-0.07531528097924702;
 -0.08992940303944578;
 0.05357527939765375]
[1.347375487862037;
 -0.4328850789447103;
 -0.3345896760568531]
Frame 487:
[-0.07327768103733084;
 -0.08708500383552119;
 0.03899701922350678]
[1.356495250607331;
 -0.458173328560484;
 -0.3522438920474352]
Frame 488:
[-0.07429655525091243;
 -0.08405335662069288;
 0.03553789501145173]
[1.361608689856258;
 -0.4708848493473497;
 -0.3683981531569591]
Frame 489:
[-0.0767138843528728;
 -0.0887633585105165;
 0.03497253598782483]
[1.396527605317788;
 -0.4763324809835232;
 -0.3830501212076704]
Frame 490:
[-0.07251562310951172;
 -0.09347660463965834;
 0.0253521876363937]
[1.400032748457209;
 -0.493819606153007;
 -0.3964623034238696]
Frame 491:
[-0.0653721035600492;
 -0.1145634849433436;
 0.02459718242919033]
[1.412049141011359;
 -0.4973757840703669;
 -0.3956693098912636]
Frame 492:
[-0.06385233212266109;
 -0.1248245258546289;
 0.02838219851686022]
[1.401949841610623;
 -0.5046347227588063;
 -0.3989316766071677]
Frame 493:
[-0.06318616078864507;
 -0.1296428283945114;
 0.02368969021983803]
[1.400849156884854;
 -0.5129836782722439;
 -0.3906940474721654]
Frame 494:
[-0.06630550391724699;
 -0.1329819560804374;
 0.01698029994963079]
[1.38322571236807;
 -0.5162986830802565;
 -0.3829498020845812]
Frame 495:
[-0.06903694313942393;
 -0.1334004303179734;
 0.01234812153954052]
[1.371491595792957;
 -0.5272315743544133;
 -0.3786442137361331]
Frame 496:
[-0.07201247519696143;
 -0.1386223032083945;
 0.01077809753636187]
[1.347090410917715;
 -0.5339108868111123;
 -0.3766765329216106]
Frame 497:
[-0.07097575993765272;
 -0.1398405616040541;
 0.00827128631998254]
[1.333939440966911;
 -0.5269151480419305;
 -0.3841183049638747]
Frame 498:
[-0.07472593079550172;
 -0.1405651314945498;
 0.006316248967528931]
[1.324145952037593;
 -0.5269204715902455;
 -0.3863136599204574]
Frame 499:
[-0.07662849119853309;
 -0.14661969348278;
 0.003876324257999238]
[1.306615588575444;
 -0.5306909018646899;
 -0.3826937275196192]
A:
[6.4214237250016629e+02;
0.;
3.3641613204092783e+02;
0.;
6.3951837714039698e+02;
2.1268611446352779e+02;
0.;
0.;
1.]
D:
[1.2072558190820312e-01;
2.3613032716918989e-01;
-1.4458476584549754e-02;
4.9147573649284187e-03;
-1.7961867578943145e+00]